//use: NPCid - stabatt(melee att) slashatt(unused) crushatt(unused) magicatt rangeatt stabdef slashdef crushdef magicdef rangedef
//Ganodermic beasts
14696 - 140 140 140 140 140 50 50 50 50 50
14698 - 140 140 140 140 140 25 25 25 25 25
//Evil santa
1552 - 4000 4000 4000 4000 4000 100 100 100 100 100
1553 - 4000 4000 4000 4000 4000 100 100 100 100 100
8536 - 4000 4000 4000 4000 4000 100 100 100 100 100
//event
16031 - 4000 4000 4000 4000 4000 100 100 100 100 100
16032 - 4000 4000 4000 4000 4000 100 100 100 100 100
//Tekton
27540 - 390 390 390 390 1 750 700 600 800 800
27541 - 390 390 390 390 1 750 700 600 800 800
27542 - 390 390 390 390 1 750 700 600 800 800
27543 - 390 390 390 390 1 750 700 600 800 800
27544 - 390 390 390 390 1 750 700 600 800 800
27545 - 390 390 390 390 1 750 700 600 800 800
//Vasa Nistirio (Boss, Glowing Crystal)
27565 - 1 0 0 230 230 800 800 800 400 50
27566 - 1 0 0 230 230 800 800 800 400 50
27567 - 1 0 0 230 230 800 800 800 400 50
27568 - 1 0 0 100 1 1 1200 1200 1200 1200
//Vespula (Boss, Vespine Soldier, Abyssal Portal)
27530 - 150 0 0 88 150 800 800 800 800 50
27532 - 150 0 0 40 1 800 800 800 800 50
27539 - 1 0 0 176 1 800 800 800 800 50
27538 - 1 0 0 1 1 -5 800 800 800 50
// portal
27533 - 1 0 0 176 1 800 800 800 800 50
//Vanguard (Magic, Melee, Ranged)
27525 - 300 0 0 300 300 800 800 800 800 1
27526 - 300 0 0 300 300 800 1 800 800 800
27527 - 300 0 0 300 300 800 800 800 10 800
27528 - 300 0 0 300 300 1 1 1 800 800
27529 - 300 0 0 300 300 800 800 800 800 1
//Muttadile (Small, Large)
27562 - 150 0 0 1 150 200 200 200 100 50
27561 - 250 0 0 250 250 200 200 200 100 50
27563 - 250 0 0 250 250 200 200 200 100 50
//Great Olm (Left Hand, Right Hand, Head)
27553 - 250 0 0 175 250 50 50 50 50 50
27554 - 250 0 0 87 250 200 200 200 50 200
27555 - 250 0 0 200 200 200 200 200 50 200
27552 - 250 0 0 250 250 200 200 200 200 50
27550 - 250 0 0 250 250 200 200 200 200 50
//crabs
27576 - 100 0 0 1 1 1 1 1 1 1
27577 - 100 0 0 1 1 1 1 1 1 1
27578 - 100 0 0 1 1 1 1 1 1 1
27579 - 100 0 0 1 1 1 1 1 1 1
//Scavenger Beast
27548 - 300 0 0 45 45 45 45 45 45 45
27549 - 300 0 0 45 45 45 45 45 45 45
//Guardian
27569 - 140 0 0 1 1 100 200 -10 800 800
27570 - 140 0 0 1 1 100 200 -10 800 800
//Ice Demon
27584 - 1 0 0 390 390 1400 1400 1400 120 250
27585 - 1 0 0 390 390 1400 1400 1400 120 250
//Lizardman Shaman
27573 - 130 0 0 130 130 400 400 400 200 100
//Skeletal Mystic
27604 - 140 0 0 440 115 768 765 645 1020 645
27605 - 140 0 0 440 115 768 765 645 1020 645
27606 - 140 0 0 440 115 768 765 645 1020 645
//Tightrope Deathly Ranger
27559 - 360 360 360 1 625 800 800 800 200 100
//Tightrope Deathly Mage
27560 - 360 360 360 1050 1 800 800 800 200 100
//MonstrousBasilisk
27395 - 500 500 500 500 100 200 200 200 200 200
//Basilisk Sentinel
29258 - 500 500 500 500 100 200 200 200 200 200
//Cockathrice
27393 - 500 500 500 500 100 200 200 200 200 200
//ScreamingBanshee
27391 - 500 500 500 500 100 200 200 200 200 200
//AbhorrentSpectre
27403 - 500 500 500 500 100 200 200 200 200 200
//GreaterAbyssalDemon
27410 - 500 500 500 500 100 200 200 200 200 200
//InsatiableBloodveld
27398 - 500 500 500 500 100 200 200 200 200 200
//ChasmCrawler
27389 - 500 500 500 500 100 200 200 200 200 200
//CaveAbomination
27401 - 500 500 500 500 100 200 200 200 200 200
//CrushingHand
27388 - 500 500 500 500 100 200 200 200 200 200
//ChokeDevil
27404 - 500 500 500 500 100 200 200 200 200 200
//MarbleGargoyle
27407 - 500 500 500 500 100 200 200 200 200 200
//VitreousJelly
27400 - 500 500 500 500 100 200 200 200 200 200
//KingKurask
27405 - 500 500 500 500 100 200 200 200 200 200
//Nechryarch
27411 - 500 500 500 500 100 200 200 200 200 200
//NuclearSmokeDevil
27406 - 500 500 500 500 100 200 200 200 200 200
//GiantRockslug
27392 - 500 500 500 500 100 200 200 200 200 200
//NightBeast
27409 - 500 500 500 500 100 200 200 200 200 200
//FlamingPyrelord
27394 - 500 500 500 500 100 200 200 200 200 200
//QueenBlackDragon
//Tortured Soul
15510 - 112 100 100 178 4 175 142 285 235 195
//Giant worm
15464 - 157 100 100 88 4 107 198 124 178 157
//Crystal armour QBD 
15506 - 0 0 0 0 0 10 10 10 200 10
//Hardened carapace armour QBD 
15507 - 0 0 0 0 0 200 200 200 10 200
//Default QBD
15454 - 0 0 0 0 0 100 100 100 100 100
//Dags nerfed
2881 - 0 0 0 0 100 100 100 100 500 500
2882 - 0 0 0 100 0 600 600 600 600 100
2883 - 100 100 100 0 0 600 600 600 100 600
//Wildy wyrm
3334 - 500 500 500 500 500 500 500 500 500 450
//Waterfiend
5361 - 150 150 150 150 150 150 150 40 150 150
//nomads nerfed by half
8528 - 200 0 0 150 0 125 175 175 125 200
8529 - 200 0 0 150 0 125 175 175 125 200
//kbd nefed by half
50 - 150 0 0 100 0 125 175 200 175 200
//Void defender
3782 - 0 0 0 0 0 35 35 35 35 35
3784 - 0 0 0 0 0 35 35 35 35 35
3785 - 0 0 0 0 0 35 35 35 35 35
//Glacor nerfed def
14301 - 200 150 200 150 100 500 500 500 10 700
//Jadinkos
13820 - 150 0 0 100 100 100 100 100 100 100
13821 - 250 0 0 200 200 200 200 200 200 200
13822 - 250 0 0 200 200 200 200 200 200 200
//Dark beast
2783 - 500 500 500 500 100 200 200 200 200 200
//Dungeoneering
10545 - 350 0 0 350 350 450 400 400 100 450
10346 - 100 110 125 350 5 200 200 200 200 200
10597 - 10 11 12 300 300 300 300 300 300 300
10541 - 300 300 300 0 0 400 400 400 0 0
10246 - 200 200 200 0 0 100 100 100 0 0
//reveneants, low def, high att ftw :)
13465 - 10 0 0 8 12 7 7 7 5 8
13466 - 12 0 0 10 15 8 8 8 6 10
13467 - 15 0 0 12 18 10 10 10 7 12
13468 - 18 0 0 15 22 12 12 12 8 15
13469 - 22 0 0 18 27 15 15 15 10 18
13470 - 27 0 0 22 33 18 18 18 12 22
13471 - 33 0 0 27 41 22 22 22 15 27
13472 - 41 0 0 33 51 27 27 27 18 33
13473 - 51 0 0 41 63 33 33 33 22 41
13474 - 63 0 0 51 78 41 41 41 27 51
13475 - 78 0 0 63 97 51 51 51 33 63
13476 - 97 0 0 78 121 63 63 63 41 78
13477 - 121 0 0 97 151 78 78 78 51 97
13478 - 151 0 0 121 188 97 97 97 63 121
13479 - 188 0 0 151 235 121 121 121 78 151
13480 - 235 0 0 188 293 151 151 151 97 188
13481 - 293 0 0 235 366 188 188 188 121 235
//rev end
914 - 0 0 0 85 0 75 75 75 75 75
913 - 0 0 0 85 0 75 75 75 75 75
912 - 0 0 0 85 0 75 75 75 75 75
127 - 75 0 0 0 0 50 50 50 50 50
183 - 50 0 0 0 0 45 40 50 45 45
182 - 50 0 0 0 0 45 40 50 45 45
4400 - 70 0 0 0 0 65 65 60 65 65
119 - 80 0 0 0 0 70 70 70 65 70
117 - 86 0 0 0 0 70 70 58 67 67
78 - 40 0 0 0 0 10 20 20 20 20
//fightkilns
15201 - 80 0 0 0 0 45 47 50 30 70
15202 - 0 0 0 0 140 150 200 200 200 300
15205 - 160 0 0 0 160 135 150 150 80 200
15203 - 160 0 0 80 0 200 200 200 200 200
15213 - 200 0 0 0 0 250 250 250 80 300
15214 - 200 0 0 0 0 250 250 250 80 300
15207 - 400 0 0 320 250 350 350 350 300 400
15206 - 320 0 0 0 0 190 185 185 80 250
15204 - 320 0 0 0 0 150 185 185 80 250
15208 - 2000 2000 2000 2000 2000 500 500 500 150 500
15211 - 0 0 0 0 0 500 500 500 150 500
15209 - 200 0 0 0 250 250 250 500 400 550
15210 - 200 0 0 190 0 500 500 500 400 300
2734 - 20 0 0 0 0 20 20 20 50 20
2737 - 40 0 0 0 0 45 47 50 70 70
2738 - 20 0 0 0 0 23 24 25 35 35
2739 - 80 0 0 0 80 135 135 150 150 100
2741 - 160 0 0 0 0 190 185 185 180 125
2743 - 200 0 0 320 250 350 350 350 300 250
//Unkown
8335 - 2000 2000 2000 2000 2000 1000 1000 1000 1000 1000
//giant mole nerfed
3340 - 80 0 0 0 0 150 150 150 125 150
//kalphite queens nerfed
1158 - 450 0 0 450 450 225 225 200 200 350
1160 - 450 0 0 450 450 300 300 300 100 275
//Skeletal horror
9177 - 400 0 0 400 400 450 400 400 465 475
9178 - 400 0 0 300 300 300 300 300 325 345
9179 - 400 0 0 200 200 100 200 200 100 100
9180 - 400 0 0 100 100 50 150 150 100 100
//Bork
7133 - 400 0 0 400 400 150 300 300 165 175
7134 - 400 0 0 400 400 150 300 300 165 175
7135 - 100 52 52 100 100 70 75 75 80 82
//jads jad
2745 - 2000 2000 2000 2000 2000 400 500 500 500 400
//Summonnig
6823 - 125 0 0 0 0 200 200 200 150 250
6822 - 125 0 0 0 0 200 200 200 150 250
//Steel titan
7344 - 200 0 0 230 250 350 350 350 300 400
7343 - 200 0 0 230 250 350 350 350 300 400
//Tormented demon
8349 - 450 0 0 450 450 200 350 350 200 250
8350 - 450 0 0 450 450 200 350 350 200 250
8351 - 450 0 0 450 450 200 350 350 200 250
8352 - 450 0 0 450 450 200 350 350 200 250
8353 - 450 0 0 450 450 200 350 350 200 250
8354 - 450 0 0 450 450 200 350 350 200 250
8355 - 450 0 0 450 450 200 350 350 200 250
8356 - 450 0 0 450 450 200 350 350 200 250
8357 - 450 0 0 450 450 200 350 350 200 250
8358 - 450 0 0 450 450 200 350 350 200 250
8359 - 450 0 0 450 450 200 350 350 200 250
8360 - 450 0 0 450 450 200 350 350 200 250
8361 - 450 0 0 450 450 200 350 350 200 250
8362 - 450 0 0 450 450 200 350 350 200 250
8363 - 450 0 0 450 450 200 350 350 200 250
8364 - 450 0 0 450 450 200 350 350 200 250
8365 - 450 0 0 450 450 200 350 350 200 250
8366 - 450 0 0 450 450 200 350 350 200 250
//Pack Yak
6874 - 150 0 0 0 0 250 250 250 100 300
6873 - 150 0 0 0 0 250 250 250 100 300
//Bunyip
6814 - 130 0 0 0 0 200 200 200 100 250
6813 - 130 0 0 0 0 250 250 250 100 250
//Abbysal Titan
7350 - 150 0 0 150 150 250 300 250 200 255
7349 - 150 0 0 150 150 250 300 250 200 255
//Lava Titan
7342 - 180 0 0 150 150 325 325 325 275 370
7341 - 180 0 0 150 150 325 325 325 275 370
//Geyser Titan
7340 - 190 0 0 190 190 325 325 325 325 325
7339 - 190 0 0 190 190 325 325 325 325 325
//Fire Titan
7356 - 185 0 0 150 150 325 325 325 275 370
2355 - 180 0 0 150 150 325 325 325 275 370
//Ice Titan
7360 - 185 0 0 150 150 325 325 325 275 370
7359 - 185 0 0 150 150 325 325 325 275 370
//Moss Titan
7358 - 185 0 0 150 150 325 325 325 275 370
7357 - 185 0 0 150 150 325 325 325 275 370
//Swamp Titan
7330 - 190 0 0 250 225 295 295 295 370 275
7329 - 190 0 0 250 225 295 295 295 370 275
//Iron Titan
7376 - 195 0 0 150 250 350 350 350 280 400
7375 - 195 0 0 150 250 350 350 350 280 400
//Spirit TerrorBird
6795 - 130 0 0 100 170 240 240 240 220 260
6794 - 130 0 0 100 170 240 240 240 220 260
//Frost dragons nerfed
51 - 140 120 120 105 105 139 140 140 150 130
//DT Bouncer
14483 - 80 0 0 0 0 150 150 150 100 100
//DT Black Knight Titan 
14436 - 80 0 0 0 0 250 250 250 50 300
//evil chicken
3375 - 0 0 0 200 0 300 300 300 300 300
//Delrith
879 - 20 0 0 0 0 30 30 30 30 30
//DT Delrith
14578 - 20 0 0 0 0 30 30 30 30 30
//Elvarg
742 - 121 10 10 170 0 200 215 254 201 320
//DT Elvarg
14548 - 121 10 10 170 0 200 215 254 201 320
//corp nerfed
8133 - 350 0 0 125 0 300 450 450 500 450
//icy sk nerfed
9463 - 100 0 0 75 0 189 195 227 188 193
//Bronze dragon nerfed
1590 - 110 15 15 112 105 137 138 147 120 165
//Iron dragon nerfed
1591 - 170 18 18 122 120 142 147 150 130 175
10776 - 170 18 18 122 120 142 147 150 130 175
10777 - 170 18 18 122 120 142 147 150 130 175
10778 - 170 18 18 122 120 142 147 150 130 175
10779 - 170 18 18 122 120 142 147 150 130 175
10780 - 170 18 18 122 120 142 147 150 130 175
10781 - 170 18 18 122 120 142 147 150 130 175
//Steel dragon nerfed
1592 - 180 20 20 132 130 150 156 157 140 185
3590 - 180 20 20 132 130 150 156 157 140 185
3590 - 180 20 20 132 130 150 156 157 140 185
//Mithril dragon nerfed
5363 - 190 25 25 142 140 156 160 162 150 195
16230 - 112 100 100 178 4 175 142 285 235 195
16235 - 600 0 0 300 300 500 350 500 300 600
//Green dragon nerfed
941 - 60 10 10 62 0 106 107 127 100 160
4677 - 60 10 10 62 0 106 107 127 100 160
4678 - 60 10 10 62 0 106 107 127 100 160
4679 - 60 10 10 62 0 106 107 127 100 160
4680 - 60 10 10 62 0 106 107 127 100 160
10604 - 60 10 10 62 0 106 107 127 100 160
10605 - 60 10 10 62 0 106 107 127 100 160
10606 - 60 10 10 62 0 106 107 127 100 160
10607 - 60 10 10 62 0 106 107 127 100 160
10608 - 60 10 10 62 0 106 107 127 100 160
10609 - 60 10 10 62 0 106 107 127 100 160
//ice spider
64 - 50 0 0 0 0 50 50 50 0 50
//Astea Frostweb
9965 - 70 0 0 120 0 200 200 200 150 0
9966 - 70 0 0 120 0 200 200 200 150 0
9967 - 70 0 0 120 0 200 200 200 150 0
9968 - 70 0 0 120 0 200 200 200 150 0
9969 - 70 0 0 120 0 200 200 200 150 0
9970 - 70 0 0 120 0 200 200 200 150 0
9971 - 70 0 0 120 0 200 200 200 150 0
9972 - 70 0 0 120 0 200 200 200 150 0
9973 - 70 0 0 120 0 200 200 200 150 0
9974 - 70 0 0 120 0 200 200 200 150 0
9975 - 70 0 0 120 0 200 200 200 150 0
9976 - 70 0 0 120 0 200 200 200 150 0
9977 - 70 0 0 120 0 200 200 200 150 0
9978 - 70 0 0 120 0 200 200 200 150 0
9979 - 70 0 0 120 0 200 200 200 150 0
9980 - 70 0 0 120 0 200 200 200 150 0
9981 - 70 0 0 120 0 200 200 200 150 0
9982 - 70 0 0 120 0 200 200 200 150 0
9983 - 70 0 0 120 0 200 200 200 150 0
9984 - 70 0 0 120 0 200 200 200 150 0
9985 - 70 0 0 120 0 200 200 200 150 0
9986 - 70 0 0 120 0 200 200 200 150 0
9987 - 70 0 0 120 0 200 200 200 150 0
9988 - 70 0 0 120 0 200 200 200 150 0
9989 - 70 0 0 120 0 200 200 200 150 0
9990 - 70 0 0 120 0 200 200 200 150 0
9991 - 70 0 0 120 0 200 200 200 150 0
9992 - 100 0 0 150 0 250 250 250 200 0
9993 - 100 0 0 150 0 250 250 250 200 0
9994 - 100 0 0 150 0 250 250 250 200 0
9995 - 140 0 0 200 0 300 300 300 250 0
9996 - 140 0 0 200 0 300 300 300 250 0
9997 - 140 0 0 200 0 300 300 300 250 0
9998 - 140 0 0 200 0 300 300 300 250 0
9999 - 140 0 0 200 0 300 300 300 250 0
10000 - 140 0 0 200 0 300 300 300 250 0
10001 - 140 0 0 200 0 300 300 300 250 0
10002 - 160 0 0 240 0 325 325 325 275 0
10003 - 160 0 0 240 0 325 325 325 275 0
10004 - 160 0 0 240 0 325 325 325 275 0
10005 - 160 0 0 240 0 325 325 325 275 0
10006 - 160 0 0 240 0 325 325 325 275 0
10007 - 160 0 0 240 0 325 325 325 275 0
10008 - 160 0 0 240 0 325 325 325 275 0
10009 - 160 0 0 240 0 325 325 325 275 0
10010 - 180 0 0 260 0 400 400 400 350 0
10011 - 180 0 0 260 0 400 400 400 350 0
10012 - 180 0 0 260 0 400 400 400 350 0
10013 - 180 0 0 260 0 400 400 400 350 0
10014 - 180 0 0 260 0 400 400 400 350 0
10015 - 180 0 0 260 0 400 400 400 350 0
10016 - 200 0 0 300 0 500 500 500 425 0
10017 - 200 0 0 300 0 500 500 500 425 0
10018 - 200 0 0 300 0 500 500 500 425 0
10019 - 200 0 0 300 0 500 500 500 425 0
10020 - 200 0 0 300 0 500 500 500 425 0
10021 - 200 0 0 300 0 500 500 500 425 0
//Gluttonous behemoth
9948 - 70 70 70 70 70 80 100 80 100 100
9949 - 70 70 70 70 70 80 100 80 100 100
9950 - 70 70 70 70 70 80 100 80 100 100
9951 - 70 70 70 70 70 80 100 80 100 100
9952 - 70 70 70 70 70 80 100 80 100 100
9953 - 70 70 70 70 70 80 100 80 100 100
9954 - 150 150 150 150 150 150 200 150 200 200
9955 - 150 150 150 150 150 100 125 100 125 125
9956 - 200 200 200 200 200 200 250 200 250 250
9957 - 200 200 200 200 200 200 250 200 250 250
9958 - 200 200 200 200 200 200 250 200 250 250
9959 - 200 200 200 200 200 200 250 200 250 250
9960 - 200 200 200 200 200 200 250 200 250 250
9961 - 200 200 200 200 200 200 250 200 250 250
9962 - 300 300 300 300 300 300 400 300 400 400
9963 - 400 400 400 400 400 350 480 350 480 480
9964 - 500 500 500 500 500 400 500 400 500 500
//godwars zamorak fixed
6203 - 600 0 0 300 400 500 350 500 300 600
6204 - 100 0 0 0 0 300 300 300 200 200
6206 - 0 0 0 0 100 300 300 300 200 200
6208 - 0 0 0 50 0 300 300 300 200 200
//godwars armadyl fixed
6222 - 400 0 0 300 650 300 0 0 500 300
6223 - 0 0 0 50 0 300 300 300 200 200
6225 - 0 0 0 100 300 100 300 300 200 200
6227 - 100 0 0 0 0 100 300 300 200 200
//bandos godwars same as osrs
6260 - 460 0 0 80 500 370 370 370 697 370
6261 - 124 0 0 0 200 125 125 125 125 125
6263 - 0 0 0 150 0 150 150 150 150 150
6265 - 0 0 0 0 190 132 132 132 132 132
//sara godwars fixed
6247 - 450 0 300 450 0 500 500 350 300 600
6248 - 100 0 0 0 0 300 300 300 20 350
6250 - 0 0 0 50 0 200 300 300 250 150
6252 - 0 0 0 0 100 200 250 300 250 150
//zaros godwars
13447 - 600 300 300 300 600 550 750 750 750 750
13448 - 600 300 300 300 600 550 750 750 750 750
13449 - 600 300 300 300 600 550 750 750 750 750
13450 - 600 300 300 300 600 550 750 750 750 750
//ahrim
//2025 - 0 0 0 172 0 202 184 216 172 99
//guthan
//2027 - 174 0 0 0 0 358 356 340 88 375
//karil
//2028 - 0 0 0 0 233 178 170 189 205 199
//torag
//2029 - 184 0 0 0 0 361 359 343 88 385
//verac
//2030 - 253 0 0 0 0 320 331 321 99 321
//dharok
//2026 - 202 0 0 0 0 351 349 333 87 374
//ahrim
2025 - 0 0 0 86 0 101 92 108 86 100
//guthan
2027 - 87 0 0 0 0 179 178 170 44 188
//karil
2028 - 0 0 0 0 117 89 85 95 103 100
//torag
2029 - 92 0 0 0 0 181 180 172 44 193
//verac
2030 - 127 0 0 0 0 160 166 161 50 161
//dharok 
2026 - 101 0 0 0 0 176 175 167 44 187
//crazy archo
26618 - 168 0 0 0 220 150 150 150 351 700
27806 - 320 0 0 0 440 400 400 400 80 700
//chaos fanatic
26619 - 0 0 0 200 0 880 880 850 972 275
//vetion
26611 - 1329 0 0 1171 0 500 500 10 700 700
26612 - 1329 0 0 1171 0 500 500 10 700 700
//venenatis
26504 - 470 0 0 150 0 800 800 800 700 200
//calisto
26503 - 350 0 0 0 0 450 350 500 800 600
//scorpia
26616 - 0 0 0 0 900 1 1 1 1 1
26615 - 960 0 0 0 0 400 500 400 80 300
//lava dragon
26593 - 150 0 0 150 0 150 300 300 80 180
//zulrah
22042 - 1000 0 0 1000 1000 200 200 200 5 400
22043 - 1000 0 0 1000 1000 200 200 200 60 700
22044 - 1000 0 0 1000 1000 200 200 200 500 150
//smoke devil
20498 - 0 0 0 0 150 10 10 10 700 150
20499 - 0 0 0 0 1000 30 10 30 800 1200
//cave kraken
20493 - 0 0 0 120 0 1 1 1 5 200
20492 - 0 0 0 120 0 1 1 1 5 200
//kraken tentacle
25534 - 0 0 0 100 0 1 1 1 5 500
25535 - 0 0 0 100 0 1 1 1 5 500
//kraken
20496 - 0 0 0 20 0 1 1 1 80 500
20494 - 0 0 0 20 0 1 1 1 80 500
//nexus
25886 - 150 150 150 300 0 150 150 150 80 150
25887 - 150 150 150 300 0 150 150 150 80 150
25888 - 150 150 150 300 0 150 150 150 80 150
25890 - 150 150 150 300 0 150 150 150 80 150
25891 - 150 150 150 300 0 150 150 150 80 150
25908 - 150 150 150 300 0 150 150 150 80 150
//cerberus
25862 - 200 0 0 200 200 100 200 75 150 200
25863 - 200 0 0 200 200 100 200 75 150 200
//gorillas
27144 - 300 0 0 300 340 200 200 200 300 200
27145 - 300 0 0 300 340 200 200 200 300 200
27146 - 300 0 0 300 340 200 200 200 300 200
27150 - 150 0 0 150 170 100 100 100 150 100
//mimic
28633 - 300 0 0 300 340 200 200 200 300 200
//mimic 3a
28635 - 100 100 100 100 100 100 100 100 100 100
28636 - 100 100 100 100 100 100 100 100 100 100
28637 - 100 100 100 100 100 100 100 100 100 100
//inferno
//nibnib
27691 - 5 0 0 0 0 1 1 1 1 1
//bat
27692 - 0 0 0 0 90 40 40 40 1 50
//bloob
27693 - 150 0 0 150 150 100 100 100 100 100
27694 - 0 0 0 120 0 1 1 1 100 1
27695 - 0 0 0 0 120 1 1 1 1 100
27696 - 120 0 0 0 0 100 100 100 1 1
//melee
27697 - 250 0 0 0 0 100 100 100 50 90
//range
27698 - 150 0 0 0 250 40 40 40 40 40
//mage
27699 - 400 0 0 350 0 250 250 250 250 250
//jad
27700 - 2000 2000 2000 2000 2000 350 350 350 400 350
//jad healer
27701 - 160 0 0 0 0 50 50 50 150 90
//boss
27706 - 0 0 0 1000 0 1 1 1 300 150
//boss healer
27708 - 0 0 0 100 0 1 1 1 1 1
//skotizo
27286 - 240 0 0 280 0 350 350 350 350 450
27287 - 80 0 0 0 0 71 71 71 35 71
//adamant dragon
28030 - 280 0 0 186 186 302 382 357 30 367
//rune dragon
28031 - 284 0 0 196 246 306 391 366 30 371
//vorkah
28059 - 560 0 0 150 308 220 320 320 300 220
28061 - 560 0 0 150 308 220 320 320 300 220
28063 - 100 0 0 0 0 1 1 1 1 1
//lizard shaman
26766 - 120 0 0 130 250 50 180 120 150 140
//wyverns
27792 - 120 0 0 90 90 250 250 250 200 300
22793 - 120 0 0 90 90 250 250 250 200 300
22794 - 120 0 0 125 125 250 250 250 200 300
22795 - 150 0 0 90 90 250 250 250 250 300
//dawn
//dusk phase1
27851 - 200 0 0 140 140 100 100 100 100 100
//dusk phase2
27882 - 200 0 0 140 140 100 100 100 100 100
//dusk phase4
27888 - 300 0 0 250 250 150 150 150 150 150
//dawn phase1
27852 - 140 0 0 100 140 100 100 100 300 100
28097 - 100 0 0 100 100 1 1 1 1 1
//maiden
28360 - 350 0 0 650 350 200 200 200 200 200
28361 - 350 0 0 650 350 200 200 200 200 200
28362 - 350 0 0 650 350 200 200 200 200 200
28363 - 350 0 0 650 350 200 200 200 200 200
28364 - 350 0 0 650 350 200 200 200 200 200
28365 - 350 0 0 650 350 200 200 200 200 200
28366 - 0 0 0 0 0 1 1 1 1 1
28367 - 0 0 0 0 0 1 1 1 1 1
//pestilent bloat
28359 - 250 0 0 150 360 140 120 140 730 900
//xarus
28338 - 0 0 0 220 0 1 1 1 1 160
28340 - 0 0 0 220 0 1 1 1 1 160
28341 - 0 0 0 220 0 1 1 1 1 160
//spider boss
28355 - 400 0 0 650 350 50 50 50 35 50
28356 - 400 0 0 650 350 50 50 50 35 50
28357 - 400 0 0 650 350 50 50 50 35 50
//spider small
28342 - 200 0 0 1073 200 1 1 1 1 1
28343 - 200 0 0 1073 200 1 1 1 1 1
28344 - 200 0 0 1073 200 1 1 1 1 1
//spider big
28345 - 250 0 0 600 250 20 20 20 20 20
28346 - 250 0 0 600 250 20 20 20 20 20
28347 - 250 0 0 600 250 20 20 20 20 20
//last boss
28369 - 400 0 0 480 480 40 40 40 40 40
28370 - 400 0 0 480 480 40 40 40 40 40
28371 - 400 0 0 480 480 300 260 300 270 450
28372 - 400 0 0 480 480 300 260 300 270 450
28373 - 400 0 0 380 380 220 180 220 250 380
28374 - 400 0 0 380 380 220 180 220 250 380
28375 - 400 0 0 380 380 220 180 220 250 380
//ads
28376 - 0 0 0 0 0 1 1 1 1 1
28381 - 0 0 0 0 0 1 1 1 1 1
28382 - 0 0 0 0 0 1 1 1 1 1
28383 - 0 0 0 0 0 1 1 1 1 1
28384 - 0 0 0 0 0 1 1 1 1 1
28385 - 0 0 0 0 0 1 1 1 1 1
//sotetseg
28388 - 250 0 0 250 0 270 270 270 230 350
//hati & skoll
13460 - 250 0 0 250 250 50 50 50 20 50
14836 - 250 0 0 250 250 50 50 50 20 50
//vote world boss
21230 - 1000 1000 1000 1000 1000 100 100 100 50 150
//onyx boss
15184 - 1000 1000 1000 1000 1000 100 100 100 50 150
15185 - 1000 1000 1000 1000 1000 100 100 100 50 150
15186 - 1000 1000 1000 1000 1000 100 100 100 50 150
//Lucien custom boss
14256 - 1000 1000 1000 1000 1000 100 100 100 50 150
// callus boss
21212 - 1000 1000 1000 1000 1000 100 100 100 100 150
21200 - 1000 1000 1000 1000 1000 100 100 100 100 150
21201 - 1000 1000 1000 1000 1000 100 100 100 75 150
21202 - 1000 1000 1000 1000 1000 100 100 100 100 150
21203 - 0 0 0 0 0 1 1 1 1 1
21204 - 0 0 0 0 0 1 1 1 1 1
//wrym
28610 - 85 0 0 80 80 110 155 155 155 110
28611 - 85 0 0 80 80 110 155 155 155 110
//drake
28612 - 140 0 0 140 112 210 210 210 150 270
28613 - 140 0 0 140 112 210 210 210 150 270
//hydra
28609 - 0 0 0 210 210 340 340 340 380 100
//hydra boss
28615 - 100 0 0 327 327 212 325 325 360 167
28616 - 100 0 0 327 327 212 325 325 360 167
28617 - 100 0 0 327 327 212 325 325 360 167
28618 - 100 0 0 327 327 212 325 325 360 167
28619 - 100 0 0 327 327 212 325 325 360 167
28620 - 100 0 0 327 327 212 325 325 360 167
28621 - 100 0 0 327 327 212 325 325 360 167
28622 - 100 0 0 327 327 212 325 325 360 167
//easter event
16025 - 4000 4000 4000 4000 4000 212 325 325 360 167
16026 - 2000 2000 2000 2000 2000 212 325 325 360 167
//nightmare
29425 - 360 360 360 360 360 330 420 210 1050 1050
29426 - 360 360 360 360 360 330 420 210 1050 1050
29427 - 360 360 360 360 360 330 420 210 1050 1050
29428 - 360 360 360 360 360 330 420 210 1050 1050
29429 - 360 360 360 360 360 330 420 210 1050 1050
29430 - 360 360 360 360 360 330 420 210 1050 1050
29431 - 360 360 360 360 360 330 420 210 1050 1050
29432 - 360 360 360 360 360 330 420 210 1050 1050
//husks
29454 - 1 1 1 80 80 50 50 50 120 120
29455 - 1 1 1 80 80 50 50 50 120 120
//paratises
29452 - 1 1 1 84 84 140 180 60 250 240
29453 - 1 1 1 84 84 140 180 60 250 240