//use: Object type rotation - x y plane boolean clip
//spawnpk
//99999 10 0 - 3089 3487 0
129241 10 0 - 2809 5509 0
129150 10 0 - 2818 5509 0
47120 10 0 - 2820 5509 0
29954 10 0 - 2811 5510 0
//home
-1 10 0 - 3078 3510 0
-1 10 0 - 3080 3510 0
-1 10 0 - 3081 3510 0
78331 10 2 - 3094 3499 0
134662 10 0 - 3095 3499 0
137342 10 0 - 3096 3499 0
172 10 2 - 3097 3499 0
129241 10 0 - 3089 3500 0
411 10 0 - 3079 3488 0
129150 10 0 - 3091 3504 0
47120 10 0 - 3093 3504 0
45844 0 1 - 3085 3476 0
45844 0 1 - 3086 3476 0
11177 0 1 - 3087 3476 0
45844 0 1 - 3088 3476 0
45844 0 1 - 3089 3476 0
26969 10 0 - 3088 3476 0
78324 10 0 - 3097 3508 0
78325 10 0 - 3093 3508 0
-1 0 0 - 3095 3506 0
-1 4 0 - 3095 3506 0
-1 10 0 - 3094 3507 0
-1 0 0 - 3096 3506 0
-1 4 0 - 3096 3506 0
-1 10 0 - 3096 3507 0
126727 10 0 - 3086 3484 0
//xmas tree at home 56933 10 1 - 3116 3498 0
//137342 10 0 - 3094 3499 0
//christmas 2019
//47807 10 0 - 3083 3488 3
//47807 10 0 - 3083 3496 3
//47807 10 0 - 3088 3488 3
//47807 10 0 - 3088 3496 3
//47807 10 0 - 3094 3488 3
//47807 10 0 - 3094 3496 3
//115615 10 0 - 3085 3491 0
//66000 10 0 - 3090 3492 0
//66000 10 0 - 3090 3489 0
//66000 10 0 - 3094 3500 0
//66000 10 0 - 3091 3500 0
//65996 10 0 - 3085 3488 0
65997 10 0 - 1639 3674 0
65997 10 0 - 1639 3670 0
//hallo
-1 10 0 - 4093 5222 0
-1 10 0 - 4095 5232 0
59758 0 2 - 4103 5236 0
59758 0 2 - 4103 5235 0
59758 0 2 - 4103 5234 0
59758 0 2 - 4103 5233 0
59758 0 2 - 4103 5232 0
59758 0 2 - 4103 5231 0
59758 0 2 - 4103 5230 0
59758 0 2 - 4103 5229 0
59758 0 0 - 4087 5236 0
59758 0 0 - 4087 5235 0
59758 0 0 - 4087 5234 0
59758 0 0 - 4087 5233 0
59758 0 0 - 4087 5232 0
59758 0 0 - 4087 5231 0
59758 0 0 - 4087 5230 0
59758 0 0 - 4087 5229 0
59758 0 3 - 4096 5222 0
59758 0 3 - 4095 5222 0
59758 0 3 - 4094 5222 0
//farm guild
132153 10 1 - 1242 3730 0
132153 10 1 - 1242 3729 0
132153 10 0 - 1248 3746 0
132153 10 0 - 1249 3746 0
//pandora chest
//78329 10 1 - 3088 3497 0
//upgrade chest
//78331 10 1 - 3091 3496 0
//deposit box purouro
26969 10 0 - 2592 4317 0
//bank chest raids
4483 10 2 - 3675 3216 0
//christmas 2018
//3700 10 0 - 1642 3672 3
//3700 10 0 - 1642 3663 3
//3700 10 0 - 1633 3672 3
//3700 10 0 - 1633 3663 3
//115615 10 0 - 1643 3676 0
//115615 10 0 - 1643 3670 0
//65997 10 0 - 1639 3674 0
//65997 10 0 - 1639 3670 0
//hallowen event
//32034 10 3 - 1642 3671 0
//32034 10 3 - 1642 3675 0
//home fontain
-1 10 2 - 1650 3666 0
//$1000 chest
//78329 10 1 - 1650 3665 0
//spawn chest home
172 10 3 - 1651 3664 0
//bank waterbirth
4483 10 0 - 1914 4369 0
//bank kq
4483 10 0 - 3441 9484 0
//godwars bank
4483 10 0 - 2861 5359 0
4483 10 0 - 2837 5292 0
4483 10 2 - 2922 5258 0
4483 10 2 - 2924 5334 0
//dice zone
4483 10 1 - 3054 3377 0
//edge bank 
4483 10 2 - 3086 3523 0
//rune essence portals
2503 10 0 - 2927 4827 0
2503 10 0 - 2887 4818 0
2503 10 0 - 2891 4857 0
2503 10 0 - 2926 4842 0
//recipe of disaster chest
12309 10 3 - 3219 9623 0
//ony dz
-1 0 0 - 3362 5220 0
-1 0 1 - 3370 5224 0
-1 10 0 - 3341 5192 0
-1 10 0 - 3345 5193 0
-1 10 0 - 3351 5192 0
-1 10 0 - 3346 5195 0
-1 10 0 - 3337 5196 0
-1 10 0 - 3344 5197 0
-1 10 0 - 3338 5199 0
-1 10 0 - 3341 5200 0
-1 10 0 - 3344 5201 0
-1 10 0 - 3342 5207 0
-1 10 0 - 3347 5207 0
-1 10 0 - 3348 5207 0
-1 10 0 - 3345 5206 0
-1 10 0 - 3348 5206 0
-1 10 0 - 3349 5206 0
-1 10 0 - 3343 5205 0
-1 10 0 - 3344 5205 0
-1 10 0 - 3345 5205 0
-1 10 0 - 3350 5205 0
-1 10 0 - 3347 5204 0
-1 10 0 - 3348 5204 0
-1 10 0 - 3350 5204 0
-1 10 0 - 3351 5204 0
-1 10 0 - 3351 5203 0
-1 10 0 - 3352 5203 0
-1 10 0 - 3349 5202 0
-1 10 0 - 3350 5201 0
-1 10 0 - 3350 5200 0
-1 10 0 - 3351 5199 0
-1 10 0 - 3353 5199 0
-1 10 0 - 3351 5198 0
-1 10 0 - 3353 5198 0
-1 10 0 - 3352 5197 0
-1 10 0 - 3353 5197 0
-1 10 0 - 3353 5196 0
-1 10 0 - 3363 5194 0
-1 10 0 - 3365 5192 0
-1 10 0 - 3369 5192 0
-1 10 0 - 3379 5193 0
-1 10 0 - 3375 5198 0
-1 10 0 - 3371 5197 0
-1 10 0 - 3369 5198 0
-1 10 0 - 3371 5199 0
-1 10 0 - 3361 5200 0
-1 10 0 - 3359 5201 0
-1 10 0 - 3360 5203 0
-1 10 0 - 3354 5206 0
-1 10 0 - 3367 5207 0
-1 10 0 - 3367 5206 0
-1 10 0 - 3367 5205 0
-1 10 0 - 3370 5205 0
-1 10 0 - 3368 5204 0
-1 10 0 - 3369 5204 0
-1 10 0 - 3371 5204 0
-1 10 0 - 3368 5203 0
-1 10 0 - 3369 5203 0
-1 10 0 - 3377 5202 0
-1 10 0 - 3380 5207 0
-1 10 0 - 3382 5206 0
-1 10 0 - 3374 5203 0
-1 10 0 - 3375 5203 0
-1 10 0 - 3374 5204 0
-1 10 0 - 3375 5204 0
-1 10 0 - 3366 5211 0
-1 10 0 - 3374 5211 0 
-1 10 0 - 3365 5214 0
-1 10 0 - 3366 5214 0
-1 10 0 - 3367 5214 0
-1 10 0 - 3365 5215 0
-1 10 0 - 3366 5215 0
-1 10 0 - 3367 5215 0
-1 10 0 - 3365 5216 0
-1 10 0 - 3366 5216 0
-1 10 0 - 3367 5216 0
-1 10 0 - 3375 5216 0
-1 10 0 - 3374 5225 0
-1 10 0 - 3377 5227 0
-1 10 0 - 3376 5228 0
-1 10 0 - 3369 5226 0
-1 10 0 - 3370 5226 0
-1 10 0 - 3371 5226 0
-1 10 0 - 3366 5227 0
-1 10 0 - 3358 5215 0
-1 10 0 - 3352 5214 0
-1 10 0 - 3348 5216 0
-1 10 0 - 3352 5224 0
-1 10 0 - 3378 5225 0
-1 10 0 - 3379 5229 0
-1 10 0 - 3383 5231 0
-1 10 0 - 3381 5232 0
-1 10 0 - 3380 5232 0
-1 10 0 - 3382 5235 0
-1 10 0 - 3376 5236 0
-1 10 0 - 3373 5237 0
-1 10 0 - 3369 5235 0
-1 10 0 - 3368 5235 0
-1 10 0 - 3366 5236 0
-1 10 0 - 3365 5232 0
-1 10 0 - 3360 5232 0
-1 10 0 - 3357 5237 0
-1 10 0 - 3356 5233 0
-1 10 0 - 3353 5232 0
-1 10 0 - 3352 5234 0
-1 10 0 - 3351 5234 0
-1 10 0 - 3346 5237 0
-1 10 0 - 3346 5236 0 
-1 10 0 - 3345 5237 0
-1 10 0 - 3345 5231 0
-1 10 0 - 3343 5238 0
-1 10 0 - 3340 5234 0
-1 10 0 - 3338 5232 0
-1 10 0 - 3342 5227 0
-1 10 0 - 3340 5226 0
-1 10 0 - 3338 5218 0
-1 10 0 - 3336 5214 0
-1 10 0 - 3339 5211 0
104674 10 0 - 3349 5212 0
104674 10 0 - 3345 5212 0
104674 10 0 - 3345 5217 0
104674 10 0 - 3345 5222 0
104674 10 0 - 3345 5227 0
104674 10 0 - 3349 5227 0
66674 5 2 - 3354 5223 0
66674 5 2 - 3354 5222 0
66674 5 2 - 3354 5218 0
66674 5 2 - 3354 5217 0
2782 10 2 - 3364 5229 0
2782 10 2 - 3367 5229 0
6189 10 1 - 3365 5228 0
127124 10 0 - 3370 5229 0
2644 10 0 - 3373 5229 0
28719 10 0 - 3376 5228 0
30205 10 1 - 3377 5223 0 
41173 10 0 - 3377 5221 0
41173 10 0 - 3377 5218 0
13197 10 1 - 3377 5219 0
129150 10 1 - 3376 5215 0
47120 10 0 - 3375 5211 0
70766 10 0 - 3366 5215 0
4483 10 0 - 3370 5226 0
4483 10 3 - 3378 5229 0
2873 10 0 - 3379 5232 0
2874 10 0 - 3381 5232 0
2875 10 0 - 3380 5233 0
78324 10 1 - 3382 5212 0
78325 10 1 - 3382 5216 0
78326 10 1 - 3382 5220 0
78327 10 1 - 3382 5224 0
78328 10 1 - 3382 5228 0
78330 10 1 - 3382 5232 0
129006 10 0 - 3383 5211 0
11194 10 0 - 3382 5207 0
11194 10 0 - 3383 5206 0
11194 10 0 - 3383 5205 0
11194 10 0 - 3382 5204 0
11194 10 0 - 3371 5193 0
11194 10 0 - 3370 5192 0
11194 10 0 - 3369 5192 0
11194 10 0 - 3368 5193 0
11954 10 0 - 3377 5201 0
11954 10 0 - 3378 5199 0
11954 10 0 - 3377 5197 0
11954 10 0 - 3376 5199 0
11957 10 0 - 3373 5201 0
11957 10 0 - 3374 5199 0 
11957 10 0 - 3373 5197 0
11957 10 0 - 3372 5199 0
11961 10 0 - 3369 5201 0
11961 10 0 - 3370 5199 0
11961 10 0 - 3369 5197 0
11961 10 0 - 3368 5199 0
5999 10 0 - 3374 5192 0
45076 10 0 - 3378 5192 0
2330 10 1 - 3382 5196 0
2331 10 1 - 3383 5201 0
2045 10 2 - 3351 5191 0
4411 22 0 - 3356 5192 0
//frozen plateuau runite
14859 10 0 - 2976 3938 0
14859 10 0 - 2961 3925 0
14859 10 0 - 2948 3914 0
//resource area
14856 10 0 - 3170 3927 0
14856 10 0 - 3171 3927 0
14856 10 0 - 3172 3927 0
14856 10 0 - 3173 3927 0
14856 10 0 - 3174 3927 0
14856 10 0 - 3175 3927 0
14850 10 0 - 3176 3928 0
14850 10 0 - 3176 3929 0
14850 10 0 - 3176 3930 0
14850 10 0 - 3176 3931 0
14850 10 0 - 3176 3932 0
14850 10 0 - 3176 3933 0
14850 10 0 - 3169 3928 0
14850 10 0 - 3169 3929 0
14850 10 0 - 3169 3930 0
14850 10 0 - 3169 3931 0
14850 10 0 - 3169 3932 0
14853 10 0 - 3169 3933 0
14862 10 0 - 3169 3934 0
14862 10 0 - 3170 3934 0
14862 10 0 - 3171 3934 0
14862 10 0 - 3174 3934 0
14862 10 0 - 3175 3934 0
14862 10 0 - 3176 3934 0
1306 10 0 - 3173 3931 0
1306 10 0 - 3171 3929 0
1309 10 0 - 3165 3930 0
1309 10 0 - 3169 3923 0
1309 10 0 - 3174 3923 0
1309 10 0 - 3178 3929 0
14921 10 2 - 3176 3927 0
2782 10 2 - 3169 3927 0
2732 10 0 - 3173 3930 0
4483 10 0 - 2812 5510 0
4483 10 0 - 3004 5510 0
//crafting guild
4483 10 2 - 2936 3279 0
//volanic forge
126755 10 0 - 3368 3932 0
//fountain of rune
126782 10 0 - 3373 3894 0
//wild godwar dung
20599 10 1 - 3011 3733 0
126415 10 0 - 3245 10165 3
//smoke devil dungeon
2 10 0 - 2411 3056 0
//kraken dugeon
2 10 3 - 2274 3610 0
//abyssal sire
127055 10 0 - 3040 4798 0
127054 0 1 - 3040 4802 0
126150 0 3 - 3036 4799 0
126150 0 3 - 3037 4799 0
126150 0 3 - 3038 4799 0
126150 0 3 - 3039 4799 0
126150 0 3 - 3040 4799 0
126150 0 3 - 3041 4799 0
126150 0 3 - 3042 4799 0
//custom shortcut edgeville dungeon
-1 0 0 - 3123 9881 0
//cerberus
2 10 1 - 2872 9848 0
//demonic gorila
128807 0 0 - 2436 3520 0
//christmas event
//65996 10 0 - 1540 3586 0
//65819 10 2 - 1544 3588 0
//66005 10 0 - 1543 3589 0
//47760 10 0 - 1542 3590 0
//47758 10 0 - 1541 3590 0
//47762 10 0 - 1540 3589 0
//65819 10 0 - 1539 3588 0
//47760 10 3 - 1541 3585 0
//47758 10 0 - 1542 3585 0
//47762 10 0 - 1543 3586 0
//3700 10 0 - 1536 3587 3
//3700 10 0 - 1545 3587 3
//3700 10 0 - 1537 3593 3
//3700 10 0 - 1545 3593 3
//115615 10 0 - 1545 3589 0
//dz christmas
//66000 10 0 - 3306 5290 0
//piscatory fishing colony monkfish
14939 10 0 - 2321 3702 0
14939 10 0 - 2332 3703 0
14939 10 0 - 2348 3702 0
//Corsair Cove Dungeon
2 10 0 - 2399 2858 0
//Ungael boat
131989 10 1 - 2638 3695 0
//grotquest guardian gate
131673 10 1 - 3422 3544 2
//wild resource monkfish
14939 10 0 - 3170 3967 0
14939 10 0 - 3176 3967 0
//vip zone
-1 10 0 - 3709 5565 0
-1 10 0 - 3695 5564 0
-1 10 0 - 3697 5565 0
-1 10 0 - 3697 5564 0
-1 10 0 - 3694 5564 0
-1 10 0 - 3694 5562 0
-1 10 0 - 3693 5562 0
-1 10 0 - 3708 5553 0
-1 10 0 - 3709 5553 0
-1 10 0 - 3711 5554 0
-1 10 0 - 3711 5553 0
-1 10 0 - 3710 5552 0
-1 10 0 - 3711 5551 0
-1 10 0 - 3711 5550 0
-1 10 0 - 3710 5535 0
-1 10 0 - 3710 5523 0
-1 10 0 - 3709 5533 0
-1 10 0 - 3708 5533 0
-1 10 0 - 3708 5531 0
-1 10 0 - 3707 5531 0
-1 10 0 - 3708 5530 0
-1 10 0 - 3721 5522 0
-1 10 0 - 3724 5522 0
-1 10 0 - 3724 5524 0
-1 10 0 - 3723 5525 0
-1 10 0 - 3733 5543 0
-1 10 0 - 3733 5544 0
-1 10 0 - 3730 5545 0
-1 10 0 - 3729 5544 0
-1 10 0 - 3730 5542 0
-1 10 0 - 3741 5544 0
-1 10 0 - 3741 5543 0
-1 10 0 - 3741 5542 0
-1 10 0 - 3741 5541 0
-1 10 0 - 3741 5540 0
-1 10 0 - 3741 5539 0
-1 10 0 - 3741 5538 0
-1 10 0 - 3742 5543 0
-1 10 0 - 3742 5542 0
-1 10 0 - 3742 5541 0
-1 10 0 - 3742 5540 0
-1 10 0 - 3742 5539 0
-1 10 0 - 3740 5539 0
-1 10 0 - 3740 5538 0
-1 10 0 - 3740 5537 0
-1 10 0 - 3733 5535 0
-1 10 0 - 3732 5535 0
-1 10 0 - 3731 5535 0
-1 10 0 - 3732 5534 0
-1 10 0 - 3731 5534 0
-1 10 0 - 3731 5533 0
-1 10 0 - 3740 5563 0
-1 10 0 - 3741 5563 0
-1 10 0 - 3743 5563 0
-1 10 0 - 3742 5562 0
-1 10 0 - 3742 5565 0
-1 10 0 - 3743 5564 0
-1 10 0 - 3745 5565 0
-1 10 0 - 3733 5563 0
-1 10 0 - 3697 5551 0
-1 10 0 - 3695 5552 0
-1 10 0 - 3694 5552 0
-1 10 0 - 3693 5549 0
-1 10 0 - 3696 5549 0
-1 10 0 - 3695 5548 0
-1 10 0 - 3694 5548 0
-1 10 0 - 3680 5569 0
-1 10 0 - 3679 5566 0
-1 10 0 - 3680 5565 0
-1 10 0 - 3682 5564 0
-1 10 0 - 3678 5564 0
-1 10 0 - 3677 5564 0
-1 10 0 - 3680 5563 0
-1 10 0 - 3687 5538 0
-1 10 0 - 3687 5537 0
-1 10 0 - 3687 5536 0
-1 10 0 - 3688 5537 0
-1 10 0 - 3686 5535 0
-1 10 0 - 3685 5536 0
-1 10 0 - 3699 5536 0
-1 10 0 - 3726 5555 0
4031 10 0 - 3706 5580 0
4031 10 0 - 3714 5580 0
4031 10 0 - 3706 5575 0
4031 10 0 - 3714 5575 0
4031 10 0 - 3705 5571 0
4031 10 0 - 3715 5571 0
4031 10 0 - 3701 5571 0
4031 10 0 - 3696 5571 0
4031 10 0 - 3696 5561 0
4031 10 0 - 3701 5561 0
4031 10 0 - 3705 5561 0
4031 10 0 - 3715 5561 0
4031 10 0 - 3719 5561 0
4031 10 0 - 3724 5561 0
4031 10 0 - 3724 5571 0
4031 10 0 - 3719 5571 0
4031 10 0 - 3715 5557 0
4031 10 0 - 3705 5557 0
4031 10 0 - 3705 5547 0
4031 10 0 - 3715 5547 0
4031 10 0 - 3730 5558 0
4031 10 0 - 3730 5571 0
4031 10 0 - 3740 5571 0
4031 10 0 - 3740 5558 0
4031 10 0 - 3740 5554 0
4031 10 0 - 3740 5550 0
4031 10 0 - 3740 5546 0
4031 10 0 - 3740 5540 0
4031 10 0 - 3730 5536 0
4031 10 0 - 3730 5546 0
4031 10 0 - 3701 5533 0
4031 10 0 - 3701 5524 0
4031 10 0 - 3719 5524 0
4031 10 0 - 3719 5533 0
4031 10 0 - 3680 5550 0
4031 10 0 - 3680 5554 0
4031 10 0 - 3691 5561 0
4031 10 0 - 3691 5571 0
4031 10 0 - 3675 5571 0
4031 10 0 - 3674 5561 0
4031 10 0 - 3697 5546 0
4031 10 0 - 3697 5533 0
4031 10 0 - 3684 5533 0
4031 10 0 - 3684 5546 0
3918 10 0 - 3713 5574 0
3918 10 0 - 3713 5572 0
3918 10 0 - 3716 5569 0
3918 10 0 - 3718 5569 0
3918 10 0 - 3718 5563 0
3918 10 0 - 3716 5563 0
3918 10 0 - 3713 5560 0
3918 10 0 - 3713 5558 0
3918 10 0 - 3718 5555 0
3918 10 0 - 3720 5555 0
3918 10 0 - 3722 5555 0
3918 10 0 - 3724 5555 0
3918 10 0 - 3726 5555 0
3918 10 0 - 3728 5555 0
3918 10 0 - 3730 5555 0
3918 10 0 - 3732 5555 0
3918 10 0 - 3732 5557 0
3918 10 0 - 3738 5557 0
3918 10 0 - 3738 5555 0
3918 10 0 - 3738 5549 0
3918 10 0 - 3738 5547 0
3918 10 0 - 3732 5547 0
3918 10 0 - 3718 5549 0
3918 10 0 - 3720 5549 0
3918 10 0 - 3722 5549 0
3918 10 0 - 3724 5549 0
3918 10 0 - 3726 5549 0
3918 10 0 - 3728 5549 0
3918 10 0 - 3730 5549 0
3918 10 0 - 3732 5549 0
3918 10 0 - 3713 5546 0
3918 10 0 - 3713 5536 0
3918 10 0 - 3713 5534 0
3918 10 0 - 3707 5534 0
3918 10 0 - 3707 5536 0
3918 10 0 - 3707 5546 0
3918 10 0 - 3702 5549 0
3918 10 0 - 3700 5549 0
3918 10 0 - 3697 5549 0
3918 10 0 - 3695 5549 0
3918 10 0 - 3693 5549 0
3918 10 0 - 3693 5547 0
3918 10 0 - 3687 5547 0
3918 10 0 - 3687 5549 0
3918 10 0 - 3685 5549 0
3918 10 0 - 3683 5549 0
3918 10 0 - 3681 5549 0
3918 10 0 - 3682 5555 0
3918 10 0 - 3682 5557 0
3918 10 0 - 3682 5558 0
3918 10 0 - 3680 5560 0
3918 10 0 - 3682 5560 0
3918 10 0 - 3690 5560 0
3918 10 0 - 3688 5560 0
3918 10 0 - 3688 5558 0
3918 10 0 - 3688 5557 0
3918 10 0 - 3688 5555 0
3918 10 0 - 3690 5555 0
3918 10 0 - 3692 5555 0
3918 10 0 - 3694 5555 0
3918 10 0 - 3696 5555 0
3918 10 0 - 3698 5555 0
3918 10 0 - 3700 5555 0
3918 10 0 - 3702 5555 0
3918 10 0 - 3707 5558 0
3918 10 0 - 3707 5560 0
3918 10 0 - 3704 5563 0
3918 10 0 - 3702 5563 0
3918 10 0 - 3702 5569 0
3918 10 0 - 3704 5569 0
3918 10 0 - 3707 5572 0
3918 10 0 - 3707 5574 0
3918 10 0 - 3731 5568 0
3918 10 0 - 3739 5560 0
129762 10 0 - 3713 5573 0
129762 10 0 - 3717 5569 0
129762 10 0 - 3717 5563 0
129762 10 0 - 3713 5559 0
129762 10 0 - 3719 5555 0
129762 10 0 - 3721 5555 0
129762 10 0 - 3723 5555 0
129762 10 0 - 3725 5555 0
129762 10 0 - 3727 5555 0
129762 10 0 - 3729 5555 0
129762 10 0 - 3731 5555 0
129762 10 0 - 3732 5556 0
129762 10 0 - 3738 5556 0
129762 10 0 - 3738 5548 0
129762 10 0 - 3732 5548 0
129762 10 0 - 3719 5549 0
129762 10 0 - 3721 5549 0
129762 10 0 - 3723 5549 0
129762 10 0 - 3725 5549 0
129762 10 0 - 3727 5549 0
129762 10 0 - 3729 5549 0
129762 10 0 - 3731 5549 0
129762 10 0 - 3713 5535 0
129762 10 0 - 3707 5535 0
129762 10 0 - 3701 5549 0
129762 10 0 - 3696 5549 0
129762 10 0 - 3694 5549 0
129762 10 0 - 3693 5548 0
129762 10 0 - 3687 5548 0
129762 10 0 - 3686 5549 0
129762 10 0 - 3684 5549 0
129762 10 0 - 3682 5549 0
129762 10 0 - 3682 5556 0
129762 10 0 - 3682 5559 0
129762 10 0 - 3681 5560 0
129762 10 0 - 3689 5560 0
129762 10 0 - 3688 5559 0
129762 10 0 - 3688 5556 0
129762 10 0 - 3689 5555 0
129762 10 0 - 3691 5555 0
129762 10 0 - 3693 5555 0
129762 10 0 - 3695 5555 0
129762 10 0 - 3697 5555 0
129762 10 0 - 3699 5555 0
129762 10 0 - 3701 5555 0
129762 10 0 - 3707 5559 0
129762 10 0 - 3703 5563 0
129762 10 0 - 3703 5569 0
129762 10 0 - 3707 5573 0
129757 10 0 - 3716 5572 0
129757 10 0 - 3716 5559 0
129757 10 0 - 3716 5555 0
129757 10 0 - 3716 5548 0
129757 10 0 - 3707 5548 0
129757 10 0 - 3703 5555 0
129757 10 0 - 3703 5559 0
129757 10 0 - 3703 5572 0
30205 10 0 - 3709 5579 0
4483 10 3 - 3707 5577 0
4483 10 1 - 3713 5577 0
36695 10 3 - 3706 5569 0
129241 10 0 - 3713 5569 0
59463 10 0 - 3708 5564 0
41173 10 0 - 3720 5570 0
41173 10 0 - 3723 5570 0
65371 10 0 - 3721 5570 0
47120 10 0 - 3721 5565 0
129150 10 2 - 3721 5562 0
4483 10 0 - 3700 5570 0
4483 10 2 - 3700 5562 0
1317 10 2 - 3708 5551 0
28094 10 2 - 3706 5548 0
127124 10 0 - 3707 5548 0
2230 10 1 - 3712 5548 0
6189 10 0 - 3731 5559 0
2782 10 1 - 3713 5561 0
14853 10 0 - 3731 5562 0
14853 10 0 - 3731 5563 0
14862 10 0 - 3731 5564 0
14862 10 0 - 3731 5565 0
14859 10 0 - 3731 5566 0
14859 10 0 - 3731 5567 0
5999 10 2 - 3731 5569 0
45076 10 2 - 3733 5569 0
2330 10 0 - 3736 5568 0
2331 10 2 - 3739 5567 0
11194 10 0 - 3739 5566 0
11194 10 0 - 3739 5565 0
11194 10 0 - 3739 5564 0
11194 10 0 - 3739 5563 0
11194 10 0 - 3739 5562 0
11194 10 0 - 3739 5561 0
4483 10 1 - 3739 5559 0
49048 10 0 - 3737 5545 0
49048 10 0 - 3739 5543 0
49048 10 0 - 3733 5545 0
49048 10 0 - 3731 5543 0
6232 10 0 - 3738 5544 0
114 10 1 - 3731 5545 0
4483 10 3 - 3731 5544 0
1948 10 0 - 3682 5569 0 
1948 10 0 - 3682 5563 0
4483 10 1 - 3690 5566 0
129758 10 0 - 3683 5551 0
//129758 10 0 - 3683 5552 0 
129758 10 0 - 3684 5553 0
31845 10 1 - 3681 5551 0
126714 10 0 - 3698 5549 0
28719 10 3 - 3685 5544 0
127980 10 0 - 3693 5534 0
127978 10 0 - 3693 5538 0
2488 10 0 - 3694 5543 0
6232 10 0 - 3707 5531 0
6232 10 0 - 3712 5531 0
9036 10 0 - 3706 5532 0
9036 10 0 - 3705 5532 0
9036 10 0 - 3714 5532 0
9036 10 0 - 3715 5532 0
9034 10 0 - 3716 5531 0
9034 10 0 - 3702 5531 0
139 10 0 - 3702 5529 0
139 10 2 - 3717 5529 0
1309 10 0 - 3716 5525 0
1309 10 0 - 3714 5525 0
1309 10 0 - 3704 5525 0
1309 10 0 - 3702 5525 0
37821 10 0 - 3708 5525 0
37821 10 0 - 3711 5525 0
4483 10 2 - 3710 5525 0
1125 10 0 - 3708 5580 0
1125 10 0 - 3709 5580 0
1125 10 0 - 3710 5580 0
1125 10 0 - 3711 5580 0
1125 10 0 - 3712 5580 0
1125 10 0 - 3713 5579 0
1125 10 0 - 3714 5579 0
1125 10 0 - 3712 5575 0
1125 10 0 - 3713 5575 0
1125 10 0 - 3712 5571 0
1125 10 0 - 3713 5571 0
1125 10 0 - 3714 5571 0
1125 10 0 - 3716 5568 0
1125 10 0 - 3717 5568 0
1125 10 0 - 3718 5568 0
1125 10 0 - 3720 5571 0
1125 10 0 - 3721 5571 0
1125 10 0 - 3722 5571 0
1125 10 0 - 3723 5571 0
1125 10 0 - 3723 5561 0
1125 10 0 - 3722 5561 0
1125 10 0 - 3721 5561 0
1125 10 0 - 3720 5561 0
1125 10 0 - 3718 5564 0
1125 10 0 - 3717 5564 0
1125 10 0 - 3716 5564 0
1125 10 0 - 3714 5561 0
1125 10 0 - 3713 5561 0
1125 10 0 - 3712 5561 0
1125 10 0 - 3712 5557 0
1125 10 0 - 3713 5557 0
1125 10 0 - 3714 5557 0
1125 10 0 - 3716 5554 0
1125 10 0 - 3717 5554 0
1125 10 0 - 3718 5554 0
1125 10 0 - 3719 5554 0
1125 10 0 - 3720 5554 0
1125 10 0 - 3721 5554 0
1125 10 0 - 3722 5554 0
1125 10 0 - 3723 5554 0
1125 10 0 - 3724 5554 0
1125 10 0 - 3725 5554 0
1125 10 0 - 3726 5554 0
1125 10 0 - 3727 5554 0
1125 10 0 - 3728 5554 0
1125 10 0 - 3729 5554 0
1125 10 0 - 3730 5554 0
1125 10 0 - 3731 5554 0
1125 10 0 - 3732 5554 0
1125 10 0 - 3733 5554 0
1125 10 0 - 3733 5558 0
1125 10 0 - 3732 5558 0
1125 10 0 - 3731 5558 0
1125 10 0 - 3731 5571 0
1125 10 0 - 3732 5571 0
1125 10 0 - 3733 5571 0
1125 10 0 - 3734 5571 0
1125 10 0 - 3735 5571 0
1125 10 0 - 3736 5571 0
1125 10 0 - 3737 5571 0
1125 10 0 - 3738 5571 0
1125 10 0 - 3739 5571 0
1125 10 0 - 3737 5558 0
1125 10 0 - 3738 5558 0
1125 10 0 - 3739 5558 0
1125 10 0 - 3737 5554 0
1125 10 0 - 3738 5554 0
1125 10 0 - 3739 5554 0
1125 10 0 - 3737 5550 0
1125 10 0 - 3738 5550 0
1125 10 0 - 3739 5550 0
1125 10 0 - 3737 5546 0
1125 10 0 - 3738 5546 0
1125 10 0 - 3739 5546 0
1125 10 0 - 3731 5546 0
1125 10 0 - 3732 5546 0
1125 10 0 - 3733 5546 0
1125 10 0 - 3716 5550 0
1125 10 0 - 3717 5550 0
1125 10 0 - 3718 5550 0
1125 10 0 - 3719 5550 0
1125 10 0 - 3720 5550 0
1125 10 0 - 3721 5550 0
1125 10 0 - 3722 5550 0
1125 10 0 - 3723 5550 0
1125 10 0 - 3724 5550 0
1125 10 0 - 3725 5550 0
1125 10 0 - 3726 5550 0
1125 10 0 - 3727 5550 0
1125 10 0 - 3728 5550 0
1125 10 0 - 3729 5550 0
1125 10 0 - 3730 5550 0
1125 10 0 - 3731 5550 0
1125 10 0 - 3732 5550 0
1125 10 0 - 3733 5550 0
1125 10 0 - 3712 5547 0
1125 10 0 - 3713 5547 0
1125 10 0 - 3714 5547 0
1125 10 0 - 3712 5533 0
1125 10 0 - 3713 5533 0
1125 10 0 - 3714 5533 0
1125 10 0 - 3715 5533 0
1125 10 0 - 3716 5533 0
1125 10 0 - 3717 5533 0
1125 10 0 - 3718 5533 0
1125 10 0 - 3702 5524 0
1125 10 0 - 3703 5524 0
1125 10 0 - 3704 5524 0
1125 10 0 - 3705 5524 0
1125 10 0 - 3706 5524 0
1125 10 0 - 3707 5524 0
1125 10 0 - 3708 5524 0
1125 10 0 - 3709 5524 0
1125 10 0 - 3710 5524 0
1125 10 0 - 3711 5524 0
1125 10 0 - 3712 5524 0
1125 10 0 - 3713 5524 0
1125 10 0 - 3714 5524 0
1125 10 0 - 3715 5524 0
1125 10 0 - 3716 5524 0
1125 10 0 - 3717 5524 0
1125 10 0 - 3718 5524 0
1125 10 0 - 3702 5533 0
1125 10 0 - 3703 5533 0
1125 10 0 - 3704 5533 0
1125 10 0 - 3705 5533 0
1125 10 0 - 3706 5533 0
1125 10 0 - 3707 5533 0
1125 10 0 - 3708 5533 0
1125 10 0 - 3708 5547 0
1125 10 0 - 3707 5547 0
1125 10 0 - 3706 5547 0
1125 10 0 - 3692 5550 0
1125 10 0 - 3693 5550 0
1125 10 0 - 3694 5550 0
1125 10 0 - 3695 5550 0
1125 10 0 - 3696 5550 0
1125 10 0 - 3697 5550 0
1125 10 0 - 3698 5550 0
1125 10 0 - 3699 5550 0
1125 10 0 - 3700 5550 0
1125 10 0 - 3701 5550 0
1125 10 0 - 3702 5550 0
1125 10 0 - 3703 5550 0
1125 10 0 - 3704 5550 0
1125 10 0 - 3692 5546 0
1125 10 0 - 3693 5546 0
1125 10 0 - 3694 5546 0
1125 10 0 - 3695 5546 0
1125 10 0 - 3696 5546 0
1125 10 0 - 3685 5533 0
1125 10 0 - 3686 5533 0
1125 10 0 - 3687 5533 0
1125 10 0 - 3688 5533 0
1125 10 0 - 3689 5533 0
1125 10 0 - 3690 5533 0
1125 10 0 - 3691 5533 0
1125 10 0 - 3692 5533 0
1125 10 0 - 3693 5533 0
1125 10 0 - 3694 5533 0
1125 10 0 - 3695 5533 0
1125 10 0 - 3696 5533 0
1125 10 0 - 3685 5546 0
1125 10 0 - 3686 5546 0
1125 10 0 - 3687 5546 0
1125 10 0 - 3688 5546 0
1125 10 0 - 3681 5550 0
1125 10 0 - 3682 5550 0
1125 10 0 - 3683 5550 0
1125 10 0 - 3684 5550 0
1125 10 0 - 3685 5550 0
1125 10 0 - 3686 5550 0
1125 10 0 - 3687 5550 0
1125 10 0 - 3688 5550 0
1125 10 0 - 3681 5554 0
1125 10 0 - 3682 5554 0
1125 10 0 - 3683 5554 0
1125 10 0 - 3675 5561 0
1125 10 0 - 3676 5561 0
1125 10 0 - 3677 5561 0
1125 10 0 - 3678 5561 0
1125 10 0 - 3679 5561 0
1125 10 0 - 3680 5561 0
1125 10 0 - 3681 5561 0
1125 10 0 - 3682 5561 0
1125 10 0 - 3683 5561 0
1125 10 0 - 3675 5571 0
1125 10 0 - 3676 5571 0
1125 10 0 - 3677 5571 0
1125 10 0 - 3678 5571 0
1125 10 0 - 3679 5571 0
1125 10 0 - 3680 5571 0
1125 10 0 - 3681 5571 0
1125 10 0 - 3682 5571 0
1125 10 0 - 3683 5571 0
1125 10 0 - 3684 5571 0
1125 10 0 - 3685 5571 0
1125 10 0 - 3686 5571 0
1125 10 0 - 3687 5571 0
1125 10 0 - 3688 5571 0
1125 10 0 - 3689 5571 0
1125 10 0 - 3690 5571 0
1125 10 0 - 3687 5561 0
1125 10 0 - 3688 5561 0
1125 10 0 - 3689 5561 0
1125 10 0 - 3690 5561 0
1125 10 0 - 3687 5554 0
1125 10 0 - 3688 5554 0
1125 10 0 - 3689 5554 0
1125 10 0 - 3690 5554 0
1125 10 0 - 3691 5554 0
1125 10 0 - 3692 5554 0
1125 10 0 - 3693 5554 0
1125 10 0 - 3694 5554 0
1125 10 0 - 3695 5554 0
1125 10 0 - 3696 5554 0
1125 10 0 - 3697 5554 0
1125 10 0 - 3698 5554 0
1125 10 0 - 3699 5554 0
1125 10 0 - 3700 5554 0
1125 10 0 - 3701 5554 0
1125 10 0 - 3702 5554 0
1125 10 0 - 3703 5554 0
1125 10 0 - 3704 5554 0
1125 10 0 - 3706 5557 0
1125 10 0 - 3707 5557 0
1125 10 0 - 3708 5557 0
1125 10 0 - 3706 5561 0
1125 10 0 - 3707 5561 0
1125 10 0 - 3708 5561 0
1125 10 0 - 3702 5564 0
1125 10 0 - 3703 5564 0
1125 10 0 - 3704 5564 0
1125 10 0 - 3697 5561 0
1125 10 0 - 3698 5561 0
1125 10 0 - 3699 5561 0
1125 10 0 - 3700 5561 0
1125 10 0 - 3697 5571 0
1125 10 0 - 3698 5571 0
1125 10 0 - 3699 5571 0
1125 10 0 - 3700 5571 0
1125 10 0 - 3702 5568 0
1125 10 0 - 3703 5568 0
1125 10 0 - 3704 5568 0
1125 10 0 - 3706 5571 0
1125 10 0 - 3707 5571 0
1125 10 0 - 3708 5571 0
1125 10 0 - 3707 5575 0
1125 10 0 - 3708 5575 0
1125 10 0 - 3706 5579 0
1125 10 0 - 3707 5579 0
1125 10 1 - 3707 5580 0
1125 10 1 - 3713 5580 0
1125 10 1 - 3712 5574 0
1125 10 1 - 3712 5573 0
1125 10 1 - 3712 5572 0
1125 10 1 - 3714 5578 0
1125 10 1 - 3714 5577 0
1125 10 1 - 3714 5576 0
1125 10 1 - 3715 5570 0
1125 10 1 - 3715 5569 0
1125 10 1 - 3715 5568 0
1125 10 1 - 3719 5570 0
1125 10 1 - 3719 5569 0
1125 10 1 - 3719 5568 0
1125 10 1 - 3724 5570 0
1125 10 1 - 3724 5569 0
1125 10 1 - 3724 5568 0
1125 10 1 - 3724 5567 0
1125 10 1 - 3724 5566 0
1125 10 1 - 3724 5565 0
1125 10 1 - 3724 5564 0
1125 10 1 - 3724 5563 0
1125 10 1 - 3724 5562 0
1125 10 1 - 3719 5564 0
1125 10 1 - 3719 5563 0
1125 10 1 - 3719 5562 0
1125 10 1 - 3715 5564 0
1125 10 1 - 3715 5563 0
1125 10 1 - 3715 5562 0
1125 10 1 - 3712 5560 0
1125 10 1 - 3712 5559 0
1125 10 1 - 3712 5558 0
1125 10 1 - 3715 5556 0
1125 10 1 - 3715 5555 0
1125 10 1 - 3715 5554 0
1125 10 1 - 3733 5557 0
1125 10 1 - 3733 5556 0
1125 10 1 - 3733 5555 0
1125 10 1 - 3730 5570 0
1125 10 1 - 3730 5569 0
1125 10 1 - 3730 5568 0
1125 10 1 - 3730 5567 0
1125 10 1 - 3730 5566 0
1125 10 1 - 3730 5565 0
1125 10 1 - 3730 5564 0
1125 10 1 - 3730 5563 0
1125 10 1 - 3730 5562 0
1125 10 1 - 3730 5561 0
1125 10 1 - 3730 5560 0
1125 10 1 - 3730 5559 0
1125 10 1 - 3740 5570 0
1125 10 1 - 3740 5569 0
1125 10 1 - 3740 5568 0
1125 10 1 - 3740 5567 0
1125 10 1 - 3740 5566 0
1125 10 1 - 3740 5565 0
1125 10 1 - 3740 5564 0
1125 10 1 - 3740 5563 0
1125 10 1 - 3740 5562 0
1125 10 1 - 3740 5561 0
1125 10 1 - 3740 5560 0
1125 10 1 - 3740 5559 0
1125 10 1 - 3737 5557 0
1125 10 1 - 3737 5556 0
1125 10 1 - 3737 5555 0
1125 10 1 - 3740 5553 0
1125 10 1 - 3740 5552 0
1125 10 1 - 3740 5551 0
1125 10 1 - 3737 5549 0
1125 10 1 - 3737 5548 0
1125 10 1 - 3737 5547 0
1125 10 1 - 3740 5545 0
1125 10 1 - 3740 5544 0
1125 10 1 - 3740 5543 0
1125 10 1 - 3740 5542 0
1125 10 1 - 3740 5541 0
1125 10 1 - 3730 5545 0
1125 10 1 - 3730 5544 0
1125 10 1 - 3730 5543 0
1125 10 1 - 3730 5542 0
1125 10 1 - 3730 5541 0
1125 10 1 - 3730 5540 0
1125 10 1 - 3730 5539 0
1125 10 1 - 3730 5538 0
1125 10 1 - 3730 5537 0
1125 10 1 - 3733 5549 0
1125 10 1 - 3733 5548 0
1125 10 1 - 3733 5547 0
1125 10 1 - 3715 5550 0
1125 10 1 - 3715 5549 0
1125 10 1 - 3715 5548 0
1125 10 1 - 3712 5546 0
1125 10 1 - 3712 5545 0
1125 10 1 - 3712 5544 0
1125 10 1 - 3712 5543 0
1125 10 1 - 3712 5542 0
1125 10 1 - 3712 5541 0
1125 10 1 - 3712 5540 0
1125 10 1 - 3712 5539 0
1125 10 1 - 3712 5538 0
1125 10 1 - 3712 5537 0
1125 10 1 - 3712 5536 0
1125 10 1 - 3712 5535 0
1125 10 1 - 3712 5534 0
1125 10 1 - 3719 5532 0
1125 10 1 - 3719 5531 0
1125 10 1 - 3719 5530 0
1125 10 1 - 3719 5529 0
1125 10 1 - 3719 5528 0
1125 10 1 - 3719 5527 0
1125 10 1 - 3719 5526 0
1125 10 1 - 3719 5525 0
1125 10 1 - 3701 5532 0
1125 10 1 - 3701 5531 0
1125 10 1 - 3701 5530 0
1125 10 1 - 3701 5529 0
1125 10 1 - 3701 5528 0
1125 10 1 - 3701 5527 0
1125 10 1 - 3701 5526 0
1125 10 1 - 3701 5525 0
1125 10 1 - 3708 5546 0
1125 10 1 - 3708 5545 0
1125 10 1 - 3708 5544 0
1125 10 1 - 3708 5543 0
1125 10 1 - 3708 5542 0
1125 10 1 - 3708 5541 0
1125 10 1 - 3708 5540 0
1125 10 1 - 3708 5539 0
1125 10 1 - 3708 5538 0
1125 10 1 - 3708 5537 0
1125 10 1 - 3708 5536 0
1125 10 1 - 3708 5535 0
1125 10 1 - 3708 5534 0
1125 10 1 - 3705 5550 0
1125 10 1 - 3705 5549 0
1125 10 1 - 3704 5548 0
1125 10 1 - 3692 5549 0
1125 10 1 - 3692 5548 0
1125 10 1 - 3692 5547 0
1125 10 1 - 3697 5545 0
1125 10 1 - 3697 5544 0
1125 10 1 - 3697 5543 0
1125 10 1 - 3697 5542 0
1125 10 1 - 3697 5541 0
1125 10 1 - 3697 5540 0
1125 10 1 - 3697 5539 0
1125 10 1 - 3697 5538 0
1125 10 1 - 3697 5537 0
1125 10 1 - 3697 5536 0
1125 10 1 - 3697 5535 0
1125 10 1 - 3697 5534 0
1125 10 1 - 3684 5545 0
1125 10 1 - 3684 5544 0
1125 10 1 - 3684 5543 0
1125 10 1 - 3684 5542 0
1125 10 1 - 3684 5541 0
1125 10 1 - 3684 5540 0
1125 10 1 - 3684 5539 0
1125 10 1 - 3684 5538 0
1125 10 1 - 3684 5537 0
1125 10 1 - 3684 5536 0
1125 10 1 - 3684 5535 0
1125 10 1 - 3684 5534 0
1125 10 1 - 3688 5549 0
1125 10 1 - 3688 5548 0
1125 10 1 - 3688 5547 0
1125 10 1 - 3680 5553 0
1125 10 1 - 3680 5552 0
1125 10 1 - 3680 5551 0
1125 10 1 - 3683 5560 0
1125 10 1 - 3683 5559 0
1125 10 1 - 3683 5558 0
1125 10 1 - 3683 5557 0
1125 10 1 - 3683 5556 0
1125 10 1 - 3683 5555 0
1125 10 1 - 3674 5570 0
1125 10 1 - 3674 5569 0
1125 10 1 - 3674 5568 0
1125 10 1 - 3674 5567 0
1125 10 1 - 3674 5566 0
1125 10 1 - 3674 5565 0
1125 10 1 - 3674 5564 0
1125 10 1 - 3674 5563 0
1125 10 1 - 3674 5562 0
1125 10 1 - 3691 5570 0
1125 10 1 - 3691 5569 0
1125 10 1 - 3691 5568 0
1125 10 1 - 3691 5567 0
1125 10 1 - 3691 5566 0
1125 10 1 - 3691 5565 0
1125 10 1 - 3691 5564 0
1125 10 1 - 3691 5563 0
1125 10 1 - 3691 5562 0
1125 10 1 - 3687 5560 0
1125 10 1 - 3687 5559 0
1125 10 1 - 3687 5558 0
1125 10 1 - 3687 5557 0
1125 10 1 - 3687 5556 0
1125 10 1 - 3687 5555 0
1125 10 1 - 3705 5556 0
1125 10 1 - 3705 5555 0
1125 10 1 - 3705 5554 0
1125 10 1 - 3708 5560 0
1125 10 1 - 3708 5559 0
1125 10 1 - 3708 5558 0
1125 10 1 - 3705 5564 0
1125 10 1 - 3705 5563 0
1125 10 1 - 3705 5562 0
1125 10 1 - 3701 5564 0
1125 10 1 - 3701 5563 0
1125 10 1 - 3701 5562 0
1125 10 1 - 3696 5570 0
1125 10 1 - 3696 5569 0
1125 10 1 - 3696 5568 0
1125 10 1 - 3696 5567 0
1125 10 1 - 3696 5566 0
1125 10 1 - 3696 5565 0
1125 10 1 - 3696 5564 0
1125 10 1 - 3696 5563 0
1125 10 1 - 3696 5562 0
1125 10 1 - 3701 5570 0
1125 10 1 - 3701 5569 0
1125 10 1 - 3701 5568 0
1125 10 1 - 3705 5570 0
1125 10 1 - 3705 5569 0
1125 10 1 - 3705 5568 0
1125 10 1 - 3708 5574 0
1125 10 1 - 3708 5573 0
1125 10 1 - 3708 5572 0
1125 10 1 - 3706 5578 0
1125 10 1 - 3706 5577 0
1125 10 1 - 3706 5576 0
1125 10 1 - 3680 5570 0
1125 10 1 - 3680 5568 0
1125 10 1 - 3680 5565 0
1125 10 1 - 3680 5564 0
1125 10 1 - 3680 5562 0
18816 10 0 - 3683 5568 0
19147 10 0 - 3686 5568 0
78328 10 1 - 3689 5569 0
78330 10 1 - 3689 5562 0
1125 10 1 - 3680 5563 0
1125 10 1 - 3680 5569 0
4031 10 0 - 3680 5567 0
4031 10 0 - 3680 5565 0
2153 10 0 - 3681 5569 0
2151 10 0 - 3738 5541 0
2152 10 0 - 3690 5534 0
66674 5 3 - 3713 5525 0
66674 5 3 - 3707 5525 0
28719 10 2 - 3685 5539 0
29415 10 2 - 3685 5534 0
-1 10 0 - 3682 5569 0
-1 10 0 - 3682 5563 0
-1 10 0 - 3684 5553 0
-1 10 0 - 3704 5548 0
-1 10 0 - 3683 5568 0
-1 10 0 - 3686 5568 0
-1 10 0 - 3710 5532 0
-1 10 0 - 3685 5544 0
-1 10 0 - 3730 5545 0
-1 10 0 - 3730 5544 0
-1 10 0 - 3730 5543 0
-1 10 0 - 3731 5544 0
-1 10 0 - 3721 5570 0
13197 10 0 - 3721 5570 0
70766 10 0 - 3710 5527 0
4483 10 3 - 3731 5544 0
4031 10 0 - 3674 5571 0
129758 10 0 - 3683 5553 0
1125 10 1 - 3705 5548 0
1125 10 1 - 3730 5545 0
1125 10 1 - 3730 5544 0
1125 10 1 - 3730 5543 0
129757 10 0 - 3703 5548 0
4483 10 3 - 3685 5545 0
2782 10 1 - 3731 5561 0
//onyx vip zone
//remove
-1 10 0 - 3716 5515 0
-1 10 0 - 3717 5514 0
-1 10 0 - 3715 5513 0
-1 10 0 - 3715 5512 0
-1 10 0 - 3716 5512 0
-1 10 0 - 3717 5512 0
-1 10 0 - 3717 5511 0
-1 10 0 - 3706 5519 0
-1 10 0 - 3707 5517 0
-1 10 0 - 3706 5515 0
-1 10 0 - 3703 5518 0
-1 10 0 - 3703 5517 0
-1 10 0 - 3704 5516 0
-1 10 0 - 3689 5525 0
-1 10 0 - 3690 5525 0
-1 10 0 - 3691 5523 0
-1 10 0 - 3693 5526 0
-1 10 0 - 3693 5527 0
-1 10 0 - 3692 5516 0
-1 10 0 - 3692 5515 0
-1 10 0 - 3693 5514 0
-1 10 0 - 3694 5516 0
-1 10 0 - 3695 5515 0
-1 10 0 - 3759 5515 0
-1 10 0 - 3757 5514 0
-1 10 0 - 3756 5514 0
-1 10 0 - 3756 5513 0
-1 10 0 - 3753 5518 0
-1 10 0 - 3751 5519 0
-1 10 0 - 3749 5519 0
-1 10 0 - 3754 5520 0
-1 10 0 - 3754 5521 0
-1 10 0 - 3758 5534 0
-1 10 0 - 3757 5534 0
-1 10 0 - 3756 5535 0
-1 10 0 - 3758 5536 0
-1 10 0 - 3760 5536 0
-1 10 0 - 3760 5537 0
-1 10 0 - 3759 5538 0
-1 10 0 - 3743 5551 0
-1 10 0 - 3744 5550 0
-1 10 0 - 3745 5550 0
-1 10 0 - 3746 5549 0
-1 10 0 - 3747 5550 0
-1 10 0 - 3745 5552 0
-1 10 0 - 3754 5555 0
-1 10 0 - 3753 5557 0
-1 10 0 - 3754 5557 0
-1 10 0 - 3756 5556 0
-1 10 0 - 3757 5556 0
-1 10 0 - 3761 5552 0
-1 10 0 - 3762 5551 0
-1 10 0 - 3764 5547 0
-1 10 0 - 3753 5574 0
-1 10 0 - 3750 5573 0
-1 10 0 - 3749 5575 0
-1 10 0 - 3749 5576 0
-1 10 0 - 3751 5576 0
-1 10 0 - 3752 5576 0
//bushes horizontal
1125 10 0 - 3685 5531 0
1125 10 0 - 3686 5531 0
1125 10 0 - 3687 5531 0
1125 10 0 - 3688 5531 0
1125 10 0 - 3689 5531 0
1125 10 0 - 3690 5531 0
1125 10 0 - 3691 5531 0
1125 10 0 - 3692 5531 0
1125 10 0 - 3693 5531 0
1125 10 0 - 3694 5531 0
1125 10 0 - 3695 5531 0
1125 10 0 - 3696 5531 0
1125 10 0 - 3685 5516 0
1125 10 0 - 3686 5516 0
1125 10 0 - 3687 5516 0
1125 10 0 - 3688 5516 0
1125 10 0 - 3689 5516 0
1125 10 0 - 3690 5516 0
1125 10 0 - 3691 5516 0
1125 10 0 - 3692 5516 0
1125 10 0 - 3693 5516 0
1125 10 0 - 3694 5516 0
1125 10 0 - 3695 5516 0
1125 10 0 - 3696 5516 0
1125 10 0 - 3700 5522 0
1125 10 0 - 3701 5522 0
1125 10 0 - 3702 5522 0
1125 10 0 - 3703 5522 0
1125 10 0 - 3704 5522 0
1125 10 0 - 3705 5522 0
1125 10 0 - 3706 5522 0
1125 10 0 - 3707 5522 0
1125 10 0 - 3708 5522 0
1125 10 0 - 3709 5522 0
1125 10 0 - 3710 5522 0
1125 10 0 - 3711 5522 0
1125 10 0 - 3712 5522 0
1125 10 0 - 3713 5522 0
1125 10 0 - 3714 5522 0
1125 10 0 - 3715 5522 0
1125 10 0 - 3716 5522 0
1125 10 0 - 3717 5522 0
1125 10 0 - 3718 5522 0
1125 10 0 - 3719 5522 0
1125 10 0 - 3720 5522 0
1125 10 0 - 3700 5512 0
1125 10 0 - 3701 5512 0
1125 10 0 - 3702 5512 0
1125 10 0 - 3703 5512 0
1125 10 0 - 3704 5512 0
1125 10 0 - 3705 5512 0
1125 10 0 - 3706 5512 0
1125 10 0 - 3707 5512 0
1125 10 0 - 3708 5512 0
1125 10 0 - 3709 5512 0
1125 10 0 - 3710 5512 0
1125 10 0 - 3711 5512 0
1125 10 0 - 3712 5512 0
1125 10 0 - 3713 5512 0
1125 10 0 - 3714 5512 0
1125 10 0 - 3715 5512 0
1125 10 0 - 3716 5512 0
1125 10 0 - 3717 5512 0
1125 10 0 - 3718 5512 0
1125 10 0 - 3719 5512 0
1125 10 0 - 3720 5512 0
1125 10 0 - 3728 5527 0
1125 10 0 - 3729 5527 0
1125 10 0 - 3730 5527 0
1125 10 0 - 3731 5527 0
1125 10 0 - 3728 5515 0
1125 10 0 - 3729 5515 0
1125 10 0 - 3730 5515 0
1125 10 0 - 3731 5515 0
1125 10 0 - 3726 5523 0
1125 10 0 - 3726 5519 0
1125 10 0 - 3742 5526 0
1125 10 0 - 3743 5526 0
1125 10 0 - 3744 5526 0
1125 10 0 - 3745 5526 0
1125 10 0 - 3747 5529 0
1125 10 0 - 3748 5529 0
1125 10 0 - 3750 5534 0
1125 10 0 - 3751 5534 0
1125 10 0 - 3752 5534 0
1125 10 0 - 3753 5534 0
1125 10 0 - 3754 5534 0
1125 10 0 - 3755 5534 0
1125 10 0 - 3756 5534 0
1125 10 0 - 3757 5534 0
1125 10 0 - 3758 5534 0
1125 10 0 - 3742 5516 0
1125 10 0 - 3743 5516 0
1125 10 0 - 3744 5516 0
1125 10 0 - 3745 5516 0
1125 10 0 - 3746 5516 0
1125 10 0 - 3747 5516 0
1125 10 0 - 3748 5516 0
1125 10 0 - 3749 5516 0
1125 10 0 - 3750 5516 0
1125 10 0 - 3751 5516 0
1125 10 0 - 3752 5516 0
1125 10 0 - 3753 5516 0
1125 10 0 - 3754 5516 0
1125 10 0 - 3755 5516 0
1125 10 0 - 3757 5519 0
1125 10 0 - 3758 5519 0
1125 10 0 - 3745 5550 0
1125 10 0 - 3746 5550 0
1125 10 0 - 3747 5550 0
1125 10 0 - 3748 5550 0
1125 10 0 - 3749 5550 0
1125 10 0 - 3750 5550 0
1125 10 0 - 3751 5550 0
1125 10 0 - 3752 5550 0
1125 10 0 - 3753 5550 0
1125 10 0 - 3745 5554 0
1125 10 0 - 3746 5554 0
1125 10 0 - 3747 5554 0
1125 10 0 - 3748 5554 0
1125 10 0 - 3750 5554 0
1125 10 0 - 3751 5554 0
1125 10 0 - 3752 5554 0
1125 10 0 - 3753 5554 0
1125 10 0 - 3745 5558 0
1125 10 0 - 3746 5558 0
1125 10 0 - 3747 5558 0 
1125 10 0 - 3748 5558 0
1125 10 0 - 3750 5558 0
1125 10 0 - 3751 5558 0
1125 10 0 - 3752 5558 0
1125 10 0 - 3753 5558 0
1125 10 0 - 3745 5568 0
1125 10 0 - 3746 5568 0
1125 10 0 - 3747 5568 0
1125 10 0 - 3748 5568 0
1125 10 0 - 3750 5568 0
1125 10 0 - 3751 5568 0
1125 10 0 - 3752 5568 0
1125 10 0 - 3753 5568 0
1125 10 0 - 3745 5572 0
1125 10 0 - 3746 5572 0
1125 10 0 - 3747 5572 0
1125 10 0 - 3748 5572 0
1125 10 0 - 3750 5572 0
1125 10 0 - 3751 5572 0
1125 10 0 - 3752 5572 0
1125 10 0 - 3753 5572 0
1125 10 0 - 3745 5582 0
1125 10 0 - 3746 5582 0
1125 10 0 - 3747 5582 0
1125 10 0 - 3748 5582 0
1125 10 0 - 3750 5582 0
1125 10 0 - 3751 5582 0
1125 10 0 - 3752 5582 0
1125 10 0 - 3753 5582 0
//bushes vertical
1125 10 1 - 3684 5517 0
1125 10 1 - 3684 5518 0
1125 10 1 - 3684 5519 0
1125 10 1 - 3784 5520 0
1125 10 1 - 3784 5521 0
1125 10 1 - 3784 5522 0
1125 10 1 - 3784 5523 0
1125 10 1 - 3784 5524 0
1125 10 1 - 3784 5525 0
1125 10 1 - 3784 5526 0
1125 10 1 - 3784 5527 0
1125 10 1 - 3684 5528 0
1125 10 1 - 3684 5529 0
1125 10 1 - 3684 5530 0
1125 10 1 - 3697 5517 0
1125 10 1 - 3697 5518 0
1125 10 1 - 3697 5519 0
1125 10 1 - 3697 5520 0
1125 10 1 - 3697 5521 0
1125 10 1 - 3697 5522 0
1125 10 1 - 3697 5523 0
1125 10 1 - 3697 5524 0
1125 10 1 - 3697 5525 0
1125 10 1 - 3697 5526 0
1125 10 1 - 3697 5527 0
1125 10 1 - 3697 5528 0
1125 10 1 - 3697 5529 0
1125 10 1 - 3697 5530 0
1125 10 1 - 3699 5513 0
1125 10 1 - 3699 5514 0
1125 10 1 - 3699 5515 0
1125 10 1 - 3699 5516 0
1125 10 1 - 3699 5517 0
1125 10 1 - 3699 5518 0
1125 10 1 - 3699 5519 0
1125 10 1 - 3699 5520 0
1125 10 1 - 3699 5521 0
1125 10 1 - 3721 5513 0
1125 10 1 - 3721 5514 0
1125 10 1 - 3721 5515 0
1125 10 1 - 3721 5516 0
1125 10 1 - 3721 5517 0
1125 10 1 - 3721 5518 0
1125 10 1 - 3721 5519 0
1125 10 1 - 3721 5520 0
1125 10 1 - 3721 5521 0
1125 10 1 - 3727 5516 0
1125 10 1 - 3727 5517 0
1125 10 1 - 3727 5518 0
1125 10 1 - 3725 5520 0
1125 10 1 - 3725 5521 0
1125 10 1 - 3725 5522 0
1125 10 1 - 3727 5524 0
1125 10 1 - 3727 5525 0
1125 10 1 - 3727 5526 0
1125 10 1 - 3732 5516 0
1125 10 1 - 3732 5517 0
1125 10 1 - 3732 5518 0
1125 10 1 - 3732 5519 0
1125 10 1 - 3732 5520 0
1125 10 1 - 3732 5521 0
1125 10 1 - 3732 5522 0
1125 10 1 - 3732 5523 0
1125 10 1 - 3732 5524 0
1125 10 1 - 3732 5525 0
1125 10 1 - 3732 5526 0
1125 10 1 - 3741 5517 0
1125 10 1 - 3741 5518 0
1125 10 1 - 3741 5519 0
1125 10 1 - 3741 5520 0
1125 10 1 - 3741 5521 0
1125 10 1 - 3741 5522 0
1125 10 1 - 3741 5523 0
1125 10 1 - 3741 5524 0
1125 10 1 - 3741 5525 0
1125 10 1 - 3746 5527 0
1125 10 1 - 3746 5528 0
1125 10 1 - 3749 5530 0
1125 10 1 - 3749 5531 0
1125 10 1 - 3749 5532 0
1125 10 1 - 3749 5533 0
1125 10 1 - 3756 5517 0
1125 10 1 - 3756 5518 0
1125 10 1 - 3759 5520 0
1125 10 1 - 3759 5521 0
1125 10 1 - 3759 5522 0
1125 10 1 - 3759 5523 0
1125 10 1 - 3759 5524 0
1125 10 1 - 3759 5525 0
1125 10 1 - 3759 5526 0
1125 10 1 - 3759 5527 0
1125 10 1 - 3759 5528 0
1125 10 1 - 3759 5529 0
1125 10 1 - 3759 5530 0
1125 10 1 - 3759 5531 0
1125 10 1 - 3759 5532 0
1125 10 1 - 3759 5533 0
1125 10 1 - 3744 5551 0
1125 10 1 - 3744 5552 0
1125 10 1 - 3744 5553 0
1125 10 1 - 3754 5551 0
1125 10 1 - 3754 5552 0
1125 10 1 - 3754 5553 0
1125 10 1 - 3747 5555 0
1125 10 1 - 3747 5556 0
1125 10 1 - 3747 5557 0
1125 10 1 - 3751 5555 0
1125 10 1 - 3751 5556 0
1125 10 1 - 3751 5557 0
1125 10 1 - 3744 5559 0
1125 10 1 - 3744 5560 0
1125 10 1 - 3744 5561 0
1125 10 1 - 3744 5562 0
1125 10 1 - 3744 5563 0
1125 10 1 - 3744 5564 0
1125 10 1 - 3744 5565 0
1125 10 1 - 3744 5566 0
1125 10 1 - 3744 5567 0
1125 10 1 - 3754 5559 0
1125 10 1 - 3754 5560 0
1125 10 1 - 3754 5561 0
1125 10 1 - 3754 5562 0
1125 10 1 - 3754 5563 0
1125 10 1 - 3754 5564 0
1125 10 1 - 3754 5565 0
1125 10 1 - 3754 5566 0
1125 10 1 - 3754 5567 0
1125 10 1 - 3747 5569 0
1125 10 1 - 3747 5570 0
1125 10 1 - 3747 5571 0
1125 10 1 - 3751 5569 0
1125 10 1 - 3751 5570 0
1125 10 1 - 3751 5571 0
1125 10 1 - 3744 5573 0
1125 10 1 - 3744 5574 0
1125 10 1 - 3744 5575 0
1125 10 1 - 3744 5576 0
1125 10 1 - 3744 5577 0
1125 10 1 - 3744 5578 0
1125 10 1 - 3744 5579 0
1125 10 1 - 3744 5580 0
1125 10 1 - 3744 5581 0
1125 10 1 - 3754 5573 0
1125 10 1 - 3754 5574 0
1125 10 1 - 3754 5575 0
1125 10 1 - 3754 5576 0
1125 10 1 - 3754 5577 0
1125 10 1 - 3754 5578 0
1125 10 1 - 3754 5579 0
1125 10 1 - 3754 5580 0
1125 10 1 - 3754 5581 0
//crystals
4031 10 0 - 3744 5582 0
4031 10 0 - 3754 5582 0
4031 10 0 - 3754 5572 0
4031 10 0 - 3744 5572 0
4031 10 0 - 3744 5568 0
4031 10 0 - 3754 5568 0
4031 10 0 - 3744 5558 0
4031 10 0 - 3754 5558 0
4031 10 0 - 3744 5554 0
4031 10 0 - 3754 5554 0
4031 10 0 - 3744 5550 0
4031 10 0 - 3754 5550 0
4031 10 0 - 3749 5534 0
4031 10 0 - 3759 5534 0
4031 10 0 - 3746 5529 0
4031 10 0 - 3749 5529 0
4031 10 0 - 3741 5526 0
4031 10 0 - 3746 5526 0
4031 10 0 - 3741 5516 0
4031 10 0 - 3756 5516 0
4031 10 0 - 3756 5519 0
4031 10 0 - 3759 5519 0
4031 10 0 - 3727 5527 0
4031 10 0 - 3732 5527 0
4031 10 0 - 3725 5523 0
4031 10 0 - 3727 5523 0
4031 10 0 - 3725 5519 0
4031 10 0 - 3727 5519 0
4031 10 0 - 3727 5515 0
4031 10 0 - 3732 5515 0
4031 10 0 - 3699 5522 0
4031 10 0 - 3721 5522 0
4031 10 0 - 3721 5512 0
4031 10 0 - 3699 5512 0
4031 10 0 - 3684 5531 0
4031 10 0 - 3697 5531 0
4031 10 0 - 3697 5516 0
4031 10 0 - 3684 5516 0
//eleven lamps
3918 10 0 - 3752 5571 0
3918 10 0 - 3752 5569 0
3918 10 0 - 3746 5571 0
3918 10 0 - 3746 5569 0
3918 10 0 - 3746 5557 0
3918 10 0 - 3746 5555 0
3918 10 0 - 3752 5557 0
3918 10 0 - 3752 5555 0
3918 10 0 - 3745 5553 0
3918 10 0 - 3745 5551 0
3918 10 0 - 3753 5553 0
3918 10 0 - 3753 5551 0
3918 10 0 - 3748 5549 0
3918 10 0 - 3750 5549 0
3918 10 0 - 3760 5533 0
3918 10 0 - 3760 5531 0
3918 10 0 - 3760 5529 0
3918 10 0 - 3760 5527 0
3918 10 0 - 3760 5526 0
3918 10 0 - 3760 5524 0
3918 10 0 - 3760 5522 0
3918 10 0 - 3760 5520 0
3918 10 0 - 3755 5515 0
3918 10 0 - 3753 5515 0
3918 10 0 - 3751 5515 0
3918 10 0 - 3749 5515 0
3918 10 0 - 3748 5515 0
3918 10 0 - 3746 5515 0
3918 10 0 - 3744 5515 0
3918 10 0 - 3742 5515 0
3918 10 0 - 3748 5583 0
3918 10 0 - 3750 5583 0
//white crystals
129762 10 0 - 3743 5515 0
129762 10 0 - 3745 5515 0
129762 10 0 - 3747 5515 0
129762 10 0 - 3750 5515 0
129762 10 0 - 3752 5515 0
129762 10 0 - 3754 5515 0
129762 10 0 - 3760 5521 0
129762 10 0 - 3760 5523 0
129762 10 0 - 3760 5525 0
129762 10 0 - 3760 5528 0
129762 10 0 - 3760 5530 0
129762 10 0 - 3760 5532 0
129762 10 0 - 3749 5549 0
129762 10 0 - 3746 5556 0
129762 10 0 - 3752 5556 0
129762 10 0 - 3746 5570 0
129762 10 0 - 3752 5570 0
129762 10 0 - 3749 5583 0
129757 10 0 - 3757 5517 0
//runespan decoration
70639 10 0 - 3685 5530 0
70639 10 0 - 3696 5530 0
70639 10 0 - 3685 5517 0
70639 10 0 - 3696 5517 0
70634 10 0 - 3686 5530 0
70634 10 0 - 3685 5529 0
70634 10 0 - 3695 5530 0
70634 10 0 - 3696 5529 0
70634 10 0 - 3696 5518 0
70634 10 0 - 3695 5517 0
70634 10 0 - 3686 5517 0
70634 10 0 - 3685 5518 0
70635 10 0 - 3685 5519 0
70635 10 0 - 3686 5518 0
70635 10 0 - 3687 5517 0
70635 10 0 - 3694 5517 0
70635 10 0 - 3695 5518 0
70635 10 0 - 3696 5519 0
70635 10 0 - 3696 5528 0
70635 10 0 - 3694 5530 0
70635 10 0 - 3687 5530 0
70635 10 0 - 3685 5528 0
70636 10 0 - 3685 5520 0
70636 10 0 - 3685 5521 0
70636 10 0 - 3685 5522 0
70636 10 0 - 3685 5523 0
70636 10 0 - 3685 5524 0
70636 10 0 - 3685 5525 0
70636 10 0 - 3685 5526 0
70636 10 0 - 3685 5527 0
70636 10 0 - 3688 5530 0
70636 10 0 - 3689 5530 0
70636 10 0 - 3690 5530 0
70636 10 0 - 3691 5530 0
70636 10 0 - 3692 5530 0
70636 10 0 - 3693 5530 0
70636 10 0 - 3696 5520 0
70636 10 0 - 3696 5521 0
70636 10 0 - 3696 5522 0
70636 10 0 - 3696 5523 0
70636 10 0 - 3696 5524 0
70636 10 0 - 3696 5525 0
70636 10 0 - 3696 5526 0
70636 10 0 - 3696 5527 0
70636 10 0 - 3688 5517 0
70636 10 0 - 3689 5517 0
70636 10 0 - 3690 5517 0
70636 10 0 - 3691 5517 0
70636 10 0 - 3692 5517 0
70636 10 0 - 3693 5517 0
//misc obj
4483 10 3 - 3686 5529 0
9034 10 0 - 3700 5519 0
9034 10 0 - 3704 5519 0
9034 10 0 - 3714 5519 0
9034 10 0 - 3718 5519 0
66674 5 1 - 3717 5521 0
66674 5 1 - 3713 5521 0
66674 5 1 - 3707 5521 0
66674 5 1 - 3703 5521 0 
297 10 0 - 3708 5521 0
297 10 0 - 3712 5521 0
4483 10 0 - 3710 5521 0
18816 10 0 - 3700 5513 0
7963 10 0 - 3705 5513 0
8391 10 0 - 3713 5513 0
7807 10 0 - 3718 5513 0
41173 10 0 - 3728 5526 0
41173 10 0 - 3731 5526 0
41173 10 0 - 3728 5516 0
41173 10 0 - 3731 5516 0
// Wildy Altar -- Make it work in VIP Zone
65371 10 0 - 3729 5526 0
// Wildy Altar -- Make it work in VIP Zone..
65371 10 2 - 3729 5516 0
78330 10 1 - 3730 5519 0
78330 10 1 - 3730 5522 0
4483 10 3 - 3726 5521 0
62374 10 3 - 3738 5517 0
62374 10 3 - 3738 5522 0
62374 10 0 - 3750 5535 0
62374 10 0 - 3755 5535 0
25090 10 2 - 3742 5517 0
25090 10 2 - 3755 5517 0
25090 10 0 - 3742 5525 0
25090 10 0 - 3748 5528 0
25090 10 3 - 3747 5527 0
25090 10 3 - 3750 5533 0
25090 10 1 - 3758 5533 0
25090 10 1 - 3758 5520 0
12257 10 0 - 3757 5521 0
12257 10 0 - 3754 5518 0
78323 10 0 - 3745 5552 0
78323 10 0 - 3753 5552 0
4483 10 2 - 3749 5551 0
//missing bus onyx vip zone
1125 10 0 - 3749 5582 0
//vip barrier demonic
132153 10 0 - 3750 5570 0
132153 10 0 - 3749 5570 0
132153 10 0 - 3748 5570 0
//camelot home
-1 10 0 - 2774 3513 0
-1 10 0 - 2775 3513 0
-1 10 0 - 2776 3513 0
-1 10 0 - 2774 3512 0
-1 10 0 - 2775 3512 0
-1 10 0 - 2776 3512 0
-1 10 0 - 2774 3511 0
-1 10 0 - 2775 3511 0
-1 10 0 - 2774 3510 0
-1 10 0 - 2775 3510 0
-1 10 0 - 2776 3510 0
-1 10 0 - 2774 3509 0
-1 10 0 - 2775 3509 0
-1 10 0 - 2776 3509 0
-1 10 0 - 2775 3508 0
-1 10 0 - 2776 3508 0
-1 10 0 - 2774 3507 0
-1 10 0 - 2775 3507 0
-1 10 0 - 2776 3507 0
-1 10 0 - 2774 3506 0
-1 10 0 - 2775 3506 0
-1 10 0 - 2776 3506 0
-1 10 0 - 2774 3505 0
-1 10 0 - 2775 3505 0
-1 10 0 - 2776 3505 0
-1 10 0 - 2751 3499 0
-1 10 0 - 2749 3499 0
-1 10 0 - 2768 3499 0
-1 10 0 - 2766 3518 0
-1 10 0 - 2767 3518 0
-1 10 0 - 2768 3518 0
-1 10 0 - 2769 3518 0
-1 10 0 - 2770 3518 0
-1 10 0 - 2771 3518 0
-1 10 0 - 2772 3518 0
-1 10 0 - 2773 3518 0
-1 10 0 - 2744 3518 0
-1 10 0 - 2745 3518 0
-1 10 0 - 2746 3518 0
-1 10 0 - 2747 3518 0
-1 10 0 - 2748 3518 0
-1 10 0 - 2749 3518 0
-1 10 0 - 2750 3518 0
-1 10 0 - 2748 3524 0
-1 10 0 - 2748 3526 0
-1 10 0 - 2748 3528 0
-1 10 0 - 2747 3527 0
-1 10 0 - 2747 3530 0
-1 10 0 - 2747 3532 0
-1 10 0 - 2746 3529 0
-1 10 0 - 2745 3527 0
-1 10 0 - 2752 3503 0
-1 10 0 - 2753 3503 0
-1 10 0 - 2762 3503 0
-1 10 0 - 2763 3503 0
-1 10 0 - 2764 3503 0
-1 10 0 - 2752 3502 0
-1 10 0 - 2753 3502 0
-1 10 0 - 2762 3502 0
-1 10 0 - 2763 3502 0
-1 10 0 - 2752 3500 0
-1 10 0 - 2753 3500 0
-1 10 0 - 2763 3500 0
-1 10 0 - 2764 3500 0
-1 10 0 - 2753 3499 0
-1 10 0 - 2762 3499 0
-1 10 0 - 2752 3498 0
-1 10 0 - 2753 3498 0
-1 10 0 - 2757 3498 0
-1 10 0 - 2763 2498 0
-1 10 0 - 2764 3498 0
-1 10 0 - 2765 3499 0
-1 10 0 - 2767 3501 0
-1 10 0 - 2753 3495 1
-1 10 0 - 2755 3495 1
-1 10 0 - 2757 3495 1
-1 10 0 - 2759 3495 1
-1 10 0 - 2761 3495 1
-1 10 0 - 2763 3495 1
-1 10 0 - 2755 3505 1
-1 10 0 - 2756 3504 1
-1 10 0 - 2758 3504 1
-1 10 0 - 2757 3503 1
-1 10 0 - 2764 3506 1
-1 10 0 - 2759 3506 1
-1 10 0 - 2757 3507 1
-1 10 0 - 2757 3510 1
-1 10 0 - 2757 3513 1
-1 10 0 - 2757 3516 1
-1 10 0 - 2759 3517 1
-1 10 0 - 2767 3505 1
-1 10 0 - 2767 3504 1
-1 10 0 - 2765 3501 1
-1 10 0 - 2765 3499 1
-1 10 0 - 2766 3497 1
-1 10 0 - 2749 3496 1
-1 10 0 - 2768 3506 0
-1 10 0 - 2768 3507 0
-1 10 0 - 2768 3508 0
-1 10 0 - 2766 3496 1
-1 10 0 - 2767 3496 1
-1 10 0 - 2765 3496 1
-1 10 0 - 2768 3496 1
-1 10 0 - 2768 3497 1
-1 0 1 - 2757 3503 0
-1 0 1 - 2758 3503 0
-1 0 1 - 2766 3503 0
-1 0 1 - 2750 3503 0
-1 0 3 - 2766 3496 0
-1 0 3 - 2750 3496 0
-1 4 0 - 2749 3498 0
-1 0 2 - 2748 3499 0
-1 0 2 - 2748 3500 0
-1 0 0 - 2768 3499 0
-1 0 0 - 2752 3494 1
-1 0 2 - 2764 3494 1
-1 0 1 - 2761 3505 1
-1 0 1 - 2762 3505 1
-1 0 2 - 2764 3503 1
-1 0 1 - 2757 3482 0
-1 0 1 - 2758 3482 0
-1 22 2 - 2764 3497 0
-1 22 0 - 2757 3487 0
-1 22 0 - 2758 3487 0
-1 22 0 - 2757 3486 0
-1 22 3 - 2755 3487 0
-1 22 1 - 2753 3504 1
-1 4 1 - 2766 3495 1
-1 4 1 - 2767 3495 1
-1 0 3 - 2766 3496 1
-1 0 3 - 2767 3496 1
33981 0 2 - 2748 3500 0
4483 10 2 - 2755 3504 0
4483 10 2 - 2760 3504 0
47120 10 0 - 2762 3501 0
129150 10 0 - 2752 3502 0
78331 10 2 - 2758 3495 1
172 10 2 - 2760 3495 1
172 10 2 - 2756 3495 1
137342 10 2 - 2760 3492 1
137342 10 2 - 2756 3492 1
134662 10 2 - 2753 3495 1
134662 10 2 - 2763 3495 1
4483 10 2 - 2758 3492 1
4483 10 2 - 2759 3506 1
4483 10 2 - 2756 3483 0
4483 10 2 - 2759 3483 0
46322 5 2 - 2748 3504 0
46322 5 2 - 2748 3503 0
46322 5 2 - 2748 3502 0
46322 5 2 - 2748 3508 0
46322 5 2 - 2748 3507 0
46322 5 2 - 2748 3506 0
30205 10 0 - 2757 3517 0
133408 10 0 - 2757 3498 0
78324 10 3 - 2744 3497 0
78325 10 3 - 2744 3500 0
78326 10 3 - 2744 3503 0
78327 10 3 - 2744 3506 0
78328 10 3 - 2744 3509 0
129241 10 0 - 2752 3497 0
129241 10 0 - 2763 3497 0
103641 10 0 - 2757 3486 0
2562 10 0 - 2754 3517 0
43797 10 3 - 2749 3505 0
114 10 0 - 2765 3499 0
11960 10 0 - 2775 3513 0
11960 10 0 - 2776 3513 0 
11960 10 0 - 2776 3512 0 
11960 10 0 - 2776 3511 0 
11957 10 0 - 2776 3510 0 
11957 10 0 - 2776 3509 0 
11957 10 0 - 2776 3508 0 
11956 10 0 - 2776 3507 0 
11956 10 0 - 2776 3506 0 
11956 10 0 - 2776 3505 0 
11956 10 0 - 2775 3505 0
6189 10 0 - 2768 3507 0
2782 10 1 - 2768 3506 0
//78329 10 0 - 2753 3515 1
12309 10 0 - 2764 3506 1
13197 10 2 - 2749 3496 1
139 10 0 - 2754 3529 0
139 10 0 - 2754 3532 0
139 10 0 - 2755 3536 0
139 10 0 - 2756 3539 0
1276 10 0 - 2745 3527 0
1276 10 0 - 2745 3530 0
1276 10 0 - 2744 3533 0
1276 10 0 - 2746 3535 0
1276 10 0 - 2746 3538 0
1281 10 0 - 2749 3528 0
1281 10 0 - 2749 3531 0
1281 10 0 - 2750 3535 0
1281 10 0 - 2749 3539 0
//staff zone
-1 10 0 - 5509 4405 0
-1 0 2 - 5501 4412 1
-1 0 0 - 5507 4412 1
-1 0 3 - 5496 4408 1
-1 0 3 - 5512 4408 1
-1 10 0 - 5512 4420 1
-1 10 0 - 5513 4420 1
-1 10 0 - 5514 4420 1
-1 10 0 - 5512 4421 1
-1 10 0 - 5512 4422 1
-1 10 0 - 5513 4422 1
-1 10 0 - 5514 4422 1
-1 10 0 - 5494 4420 1
-1 10 0 - 5495 4420 1
-1 10 0 - 5496 4420 1
-1 10 0 - 5494 4421 1
-1 10 0 - 5494 4422 1
-1 10 0 - 5495 4422 1
-1 10 0 - 5496 4422 1
4483 10 0 - 5506 4429 1
4483 10 0 - 5502 4429 1
4483 10 0 - 5504 4429 0
4483 10 2 - 5504 4411 0
4483 10 2 - 5504 4404 0
129241 10 0 - 5500 4405 0
129241 10 0 - 5507 4405 0
41173 10 0 - 5499 4429 0
41173 10 0 - 5502 4429 0
41173 10 0 - 5506 4429 0
41173 10 0 - 5509 4429 0
13197 10 0 - 5500 4429 0
13197 10 0 - 5507 4429 0
30205 10 0 - 5503 4425 0
46322 5 0 - 5491 4424 0 
46322 5 0 - 5491 4425 0
46322 5 0 - 5491 4426 0
46322 5 2 - 5517 4424 0
46322 5 2 - 5517 4425 0
46322 5 2 - 5517 4426 0
114 10 1 - 5499 4429 1
114 10 1 - 5508 4429 1
47120 10 0 - 5491 4419 1
129150 10 1 - 5516 4419 1
78324 10 0 - 5498 4406 2
78325 10 0 - 5500 4406 2
78326 10 0 - 5502 4406 2
78327 10 0 - 5505 4406 2
78328 10 0 - 5507 4406 2
78330 10 0 - 5509 4406 2
6189 10 2 - 5495 4416 2
2782 10 3 - 5496 4415 2
45076 10 1 - 5495 4412 2
5999 10 1 - 5495 4409 2
4483 10 3 - 5492 4412 2
6189 10 0 - 5512 4416 2
2782 10 1 - 5512 4415 2
45076 10 3 - 5512 4412 2
5999 10 3 - 5512 4409 2
4483 10 1 - 5516 4412 2
4483 10 0 - 5504 4426 3
16604 10 1 - 5510 4412 3
16604 10 1 - 5509 4409 3
16604 10 1 - 5506 4408 3
16604 10 1 - 5501 4408 3
16604 10 1 - 5498 4409 3
16604 10 1 - 5497 4412 3
//dz rune ore
14859 10 0 - 3366 5193 0
14859 10 0 - 3365 5192 0
14859 10 0 - 3364 5192 0
14859 10 0 - 3363 5193 0