//key money boolean(general store) - Name - item quantity and repeatt
//502 50527 false - LMS Survival Token Shop - 54192 1000 54195 1000 54198 1000 54201 1000 54204 1000 54207 1000 54209 1000 54211 1000 54213 1000 54215 1000 54217 1000 54219 1000 42804 1000 43317 1000 43318 1000 43319 1000 11212 1000 11230 1000 990 1000 42791 1000 23531 1000 23352 1000 23400 1000
900 995 true - The Matrix's Black Market Goods - 1856 100000000 340 10000 10137 5000 380 2500 374 1250 7947 1000 386 500 11105 100 3853 100 11194 100 2552 100 21576 10 4251 10 6099 10 13281 10 15707 10 42938 10 2447 10 2429 50 114 50 2433 50 2437 20 2441 20 2443 20 2445 20 3041 20 2435 50 12141 20 6686 30 3025 20 2453 50 703 100 707 100
901 995 false - Max's Max Store - 9748 15 9751 15 9754 15 9757 15 9760 15 9763 15 9766 15 9769 15 9772 15 9775 15 9778 15 9781 15 9784 15 9787 15 9790 15 9793 15 9796 15 9799 15 9802 15 9805 15 9808 15 9811 15 43222 15 9949 15 12170 15 18509 15 19709 15 9747 15 9750 15 9753 15 9756 15 9759 15 9762 15 9765 15 9768 15 9771 15 9774 15 9777 15 9780 15 9783 15 9786 15 9789 15 9792 15 9795 15 9798 15 9801 15 9804 15 9807 15 9810 15 43221 15 9813 15 25354 15 25355 15 25356 15 25357 15 25358 15 25359 15 25360 15 25361 15 25362 15 25363 15 25364 15 25365 15 25366 15 25367 15 25368 15 25369 15 25370 15 25371 15 25372 15 25373 15 25374 15 25375 15 25376 15 25377 15 9749 15 9752 15 9755 15 9758 15 9761 15 9764 15 9767 15 9770 15 9773 15 9776 15 9779 15 9782 15 9785 15 9788 15 9791 15 9794 15 9797 15 9800 15 9803 15 9806 15 9809 15 9812 15 18510 15 9814 15
902 995 true - The Matrix's Donator Store - 380 2500 374 1250 7947 1000 386 500 392 250 43442 100 2437 20 2441 20 2443 20 2445 20 3041 20 42696 20 2435 50 12141 20 6686 30 3025 20 2453 50 19760 10 2572 10 4155 10 1275 10 1359 10 1305 10 1215 10 4587 10 1377 10 1434 10 1409 10 4675 10 4153 10 1163 10 1127 10 1079 10 1093 10 1201 10 6568 1 8007 10 8008 10 8009 10 8010 10 8011 10 8012 10 8013 10 42775 10 42776 10 42777 10 42778 10 42779 10 42780 10 42781 10 42782 10 23643 10 1938 100 43431 500
903 995 false - Gear Shop - 1115 10 1081 10 1067 10 1153 10 1191 10 1121 10 1085 10 1071 10 1159 10 1197 10 1123 10 1091 10 1073 10 1161 10 1199 10 1127 10 1093 10 1079 10 1163 10 1201 10 10564 10 6809 10 10589 10 3122 10 4585 10 4087 10 1149 10 1187 10 1323 10 1329 10 1331 10 1333 10 4587 10 1309 10 1315 10 1317 10 1319 10 51646 10 14679 10 4153 10 1305 10 5698 10 1377 10 1434 10 3204 10 1249 10 43092 10 19784 10 1095 10 1129 10 1167 10 1097 10 1133 10 1169 10 1135 10 1099 10 12936 10 52275 10 2499 10 2493 10 12943 10 52278 10 2501 10 2495 10 12950 10 52281 10 2503 10 2497 10 12957 10 52284 10 841 10 849 10 853 10 857 10 861 10 4214 10 9174 10 9177 10 9181 10 9183 10 9185 10 884 300 888 100 890 100 892 100 11212 100 9236 300 9238 300 9239 100 9241 100 9242 100 9243 100 9244 100 9245 100 51944 100 51946 100 51948 100 4740 500 811 100 11230 100 868 100 49484 100 15243 100 1381 10 1397 10 1405 10 1403 10 1407 10 1401 10 1409 10 4675 10 1011 10 577 10 579 10 4089 10 4091 10 4093 10 554 1000 555 1000 556 1000 557 1000 558 1000 559 1000 562 500 560 500 565 500 566 500 561 500 563 500 564 500 9075 500 21773 100 1731 10 1712 10 1725 10 1727 10 10588 10 7455 10 7458 10 7459 10 7460 10 7461 10 7462 10 3105 10 4121 10 4127 10 4129 10 4131 10 51643 10 13560 10 2550 10 2570 10 2572 10 21435 10 1052 10 6568 10 10498 10 10499 10 20068 10 2412 10 2413 10 2414 10 1540 10 6524 10 13734 10 4225 10 2890 10 20438 10 22302 10
904 995 false - Skilling Shop - 1267 10 1273 10 1271 10 1275 10 1349 10 1355 10 1357 10 1359 10 1734 1000 1778 100 7937 100 15263 100 41940 100 43431 100 313 1000 314 1000 10006 30 10010 10 10012 300 10150 10 10008 10 952 10 954 10 946 10 1735 10 1595 10 1755 10 1599 10 1597 10 1733 10 1592 10 5523 10 13431 10 307 10 309 10 311 10 301 10 303 10 1265 10 2347 10 1351 10 590 10 8794 10 9625 10 4 10 9434 10 11065 10 1785 10 2976 10 1594 10 5343 10 5325 10 5329 10 7409 10 233 10 952 10 305 10 975 10 11323 10 2575 10 2576 10 13153 10 10150 10 21576 10 4251 10
905 25434 false - Loyalty Shop - 24154 1000 24108 10 24110 10 24112 10 24114 10 21258 10 21260 10 21262 10 21264 10 7003 10 19747 10 43344 3 42399 1 24317 10 51314 5 7534 15 7535 15 7537 15 24431 1 6335 20 6337 20 6339 20 6341 15 6343 15 6345 15 6347 15 6349 15 6392 15 6394 15 6396 15 6398 15 50838 10 50840 10 50842 10 50846 10 2643 10 10400 10 10402 10 42457 3 42458 3 42459 3 13672 1 13673 1 13674 1 13675 1 7671 1 7673 1 7927 10 6583 3 747 1 24418 3 24419 3 5608 10 5609 10 5607 10 4566 10 50368 3 50370 3 50372 3 50374 3 20821 1 50590 5 20765 5 20766 5 20763 5 20764 5 24709 3 24710 3 4084 10 23030 1
906 43307 false - Blood Shop - 25433 1000000 20800 1 20799 10 20798 100 20797 100 20796 1000 20795 10000 25470 1 25527 1 24455 1 24456 1 24457 1 52545 10 52550 10 52555 10 42006 10 42808 10 42788 100 41924 10 41926 10 24454 1 13899 10 13905 10 13887 10 13893 10 13902 10 13896 10 13884 10 13890 10 13879 1000 13883 1000 13876 10 13870 10 13873 10 13867 10 13864 10 13858 10 13861 10 49707 10 52557 10 42785 10 42791 10 13908 0 13911 0 13914 0 13917 0 13920 0 13923 0 13926 0 13929 0 13932 0 13935 0 13938 0 13941 0 13944 0 13947 0 13950 0
907 995 false - Pure Shop - 6746 10 2402 10 35 10 10887 10 542 10 544 10 6106 10 6107 10 6108 10 6109 10 6110 10 6111 10 2491 10 2550 10 11090 10 5574 10 5575 10 5576 10 9672 10 9674 10 9676 10 9678 10 3839 1 3841 1 3843 1 1119 10 1069 10 1157 10 1193 10 1125 10 1077 10 1165 10 1195 10 6617 10 6625 10 6623 10 6633 10 5018 10 5016 10 8872 10 8880 10 8882 300
908 995 false - Fremennik Shop - 3757 10 3758 10 10826 10 3748 10 3749 10 3751 10 3753 10 3755 10 10828 10 6128 10 6129 10 6130 10 6145 10 6151 10 6131 10 6133 10 6135 10 6143 10 6149 10 6137 10 6139 10 6141 10 6147 10 6153 10 10822 10 10824 10
909 25447 false - Aura Shop - 20957 10 20958 10 20961 10 20962 10 20963 10 20964 10 20965 10 20967 10 23848 10 22899 10 20964 10 23840 10 22284 10 20966 10 22883 10 22905 10 20965 10 22280 10 22927 10 22901 10 22907 10 23850 10 22268 10 22274 10 22282 10 22286 10 22290 10 23842 10 22276 10 22929 10 22272 10 22270 10 22298 10 22294 10 22300 10 22296 10 22292 10 22919 10 22931 10 22921 10 22887 10 23852 10 22903 10 22909 10 22917 10 22913 10 22923 10 22911 10 22915 10 22925 10 23844 10 22891 10 22893 10 22933 10 23862 10 23864 10 23866 10 23870 10 23846 10 23846 10 23858 10 23856 10 23860 10 23868 10 23872 10 23878 10 23874 10 23854 10 23876 10 22889 10 23880 10 23882 10 23884 10 23886 10 23890 10 23892 10 23894 10
910 25458 false - Barrows Shop - 43204 200000000 12183 200000000 995 200000000 4708 10 4710 10 4712 10 4714 10 4716 10 4718 10 4720 10 4722 10 4724 10 4726 10 4728 10 4730 10 4732 10 4734 10 4736 10 4738 10 4745 10 4747 10 4749 10 4751 10 4753 10 4755 10 4757 10 4759 10 21736 10 21744 10 21752 10 21760 10
911 25459 false - Vote Shop - 25435 1000 989 100 25763 100 15441 10 15701 10 22209 10 10551 5 8850 5 42791 3 41941 3 18338 3 18339 3 6 5 8 5 10 5 12 5 6739 5 15259 5 51028 5 4084 1 22216 10 24433 1 42389 5 3486 5 3481 5 3483 5 3488 5 42391 5 42785 3 6199 20 25453 10 27004 10 49730 1
912 25472 false - Penguin Donor's Market - 25425 10 25426 10 25437 10 25427 5 25438 5 25428 3 25439 3 25429 1 25440 1 25493 1 25494 1 27004 1000 25503 1000 6199 750 25453 250 22298 5 22300 5 23876 3 23854 3 23874 3 23866 3 25477 1 4151 10 21371 5 43576 3 14484 5 18349 3 18351 3 18353 3 42924 3 18357 3 15486 10 18355 3 21777 1 50997 1 51006 3 52325 1 25476 1 25526 3 25504 1 25588 1 42929 10 10551 10 11665 10 11664 10 11663 10 19785 10 19786 10 8842 10 25389 10 25391 10 25392 10 25390 10 25385 10 25387 10 25388 10 25386 10 25397 10 25399 10 25400 10 25398 10 25393 10 25395 10 25396 10 25394 10 22358 5 22363 5 22369 5 23687 3 23688 3 23684 3 23685 3 23686 3 25419 3 25420 3 25421 3 21472 1 21473 1 21474 1 21467 1 21468 1 21469 1 21462 1 21463 1 21464 1 52326 1 52327 1 52328 1 51018 1 51021 1 51024 1 43237 5 43235 5 43239 5 20072 10 11283 5 51000 5 52322 1 23700 3 23697 3 23699 3 23698 3 25495 1 6585 10 42002 5 25484 3 49553 3 49547 3 6570 1 25378 1 51295 1 52109 1 51795 1 15220 5 15018 5 15019 5 42785 3 25470 1 25486 1 25488 1 11858 1 11860 1 11862 1 1050 1 43343 1 1057 1 1053 1 1055 1 1042 1 1044 1 1038 1 1046 1 1040 1 1048 1 41862 1 25523 10 25574 100 25699 100
913 995 false - The Matrix's Vip Store - 7947 1000 386 500 392 250 43442 100 15273 100 2437 20 2441 20 2443 20 2445 20 3041 20 42696 20 2435 50 21631 20 12141 20 6686 30 3025 20 2453 50 15308 100 15312 100 15316 100 15324 100 15320 100 15328 100 15300 100
914 995 false - Skilling Secondaries Shop - 222 1000 236 1000 226 1000 1939 1000 224 1000 1976 1000 240 1000 232 1000 2971 1000 242 1000 2860 1000 2139 1000 6292 1000 441 1000 10033 1000 6011 1000 1636 1000 2133 1000 9979 1000 1938 1000 9737 1000 6288 1000 8432 1000 2151 1000 7940 1000 1934 1000 10118 1000 1964 1000 2463 1000 1443 1000 10149 1000 238 1000 10819 1000 1116 1000 1120 1000
915 1961 false - Easter Bunny Rewards - 25435 100 989 50 23713 25 24149 5 24150 5 11021 3 11020 3 11022 3 11019 3 1037 1 53448 1 43663 1 43664 1 4566 1 14728 3 24145 3 4084 1 7927 1
916 995 false - Treasure Trails Shop - 2575 100 2576 100 2574 100 1307 100 1351 100 1237 100 1205 100 1155 100 1103 100 1117 100 1075 100 4119 100 1153 80 1137 80 1101 80 1115 80 1067 80 1081 80 4121 80 1175 80 1191 80 1323 80 1335 80 1309 80 9177 80 1267 80 1349 80 1157 60 1119 60 1069 60 1083 60 1193 60 1177 60 1353 60 1269 60 1159 40 1109 40 1121 40 1085 40 1071 40 1329 40 1317 30 1145 30 1163 20 1127 20 1079 20 1359 20 1347 20 1169 100 1133 100 1097 100 1131 75 1095 100 1167 100 1059 100 1061 100 1063 100 6324 75 6328 75 843 50 853 30 1135 30 1099 30 1065 30 2499 20 2493 20 2487 20 3385 20 4551 30 5525 50 5527 40 1381 30 1393 20 2890 10 2961 10 2464 25 2466 25 1724 20 1718 20 1673 20 1654 20 1635 20 1675 20 1656 20 1637 20 2552 20 2568 20 1725 30 1677 20 1639 20 1679 20 1731 10 1643 10 2570 10 1704 10 7170 100
917 995 false - Keepsake Items - 25574 1000000
1200 995 true - General store - 1931 30 1935 10 1735 10 1925 30 1923 10 1887 10 590 10 1755 10 2347 10 550 10 9003 10
1201 6306 false - Vote rewards - 995 2000000000 24154 1000000
1202 995 false - Weapons 1 - 1323 100000000 1333 100000000 4587 100000000 1303 100000000 1305 100000000 1289 100000000 20671 100000000 6523 100000000 1213 100000000 1215 100000000 6525 100000000 1373 100000000 1377 100000000 1432 100000000 1434 100000000 6527 100000000 3202 100000000 3204 100000000 4153 100000000 1247 100000000 1249 100000000 1319 100000000 7158 100000000 6528 100000000
1203 995 false - Weapons 2 - 4675 100000000 6914 100000000 6526 100000000 841 100000000 857 100000000 861 100000000 859 100000000 9177 100000000 9185 100000000 10156 100000000 14684 100000000 807 100000000 811 100000000 11230 100000000 863 100000000 868 100000000
1204 995 false - Weapons 3 - 
1205 995 false - Melee armor 1 - 4121 100000000 4131 100000000 11732 100000000 1153 100000000 1115 100000000 1067 100000000 1191 100000000 1163 100000000 1127 100000000 1079 100000000 1201 100000000 6128 100000000 6129 100000000 6130 100000000 1149 100000000 10564 100000000 1187 100000000 4087 100000000 6524 100000000 5574 100000000 5575 100000000 5576 100000000 544 100000000 542 100000000 1540 100000000
1206 995 false - Melee armor 2 - 
1207 995 false - Ranged armor - 1167 100000000 1095 100000000 1129 100000000 1131 100000000 1063 100000000 6328 100000000 6322 100000000 6324 100000000 6330 100000000 1065 100000000 1099 100000000 1135 100000000 2487 100000000 2493 100000000 2499 100000000 2489 100000000 2495 100000000 2501 100000000 2491 100000000 2497 100000000 2503 100000000 24376 100000000 24379 100000000 24382 100000000 10499 100000000
1208 995 false - Magic armor - 6109 100000000 6107 100000000 6108 100000000 6106 100000000 6110 100000000 6111 100000000 4099 100000000 4101 100000000 4103 100000000 4107 100000000 4105 100000000 14499 100000000 14497 100000000 14501 100000000 6918 100000000 6916 100000000 6924 100000000 6920 100000000 6922 100000000 6889 100000000 2412 100000000 2413 100000000 2414 100000000
1209 995 false - Food & Potions - 386 100000000 7947 100000000 374 100000000 380 100000000 2188 100000000 2186 100000000 3145 100000000 2441 100000000 2437 100000000 2445 100000000 3041 100000000 6686 100000000 3025 100000000 2435 100000000 21631 100000000 703 100000000 707 100000000
1210 995 false - Runes - 554 100000000 555 10000000 556 100000000 557 100000000 558 100000000 559 100000000 561 100000000 562 100000000 563 100000000 564 100000000 566 100000000 565 100000000 560 100000000 9075 100000000
1211 995 false - Ammo - 882 100000000 884 100000000 886 100000000 888 100000000 890 100000000 892 100000000 11212 100000000 19152 100000000 19157 100000000 19162 100000000 877 100000000 9140 100000000 9141 100000000 9142 100000000 9143 100000000 9144 100000000 9242 100000000 9243 100000000 9244 100000000 4740 100000000 21365 100000000 21353 100000000 10159 100000000
1212 995 false - Summoning items - 12008 100000000 12032 100000000 12030 100000000 12040 100000000 12092 100000000 12791 100000000 12823 100000000 12094 100000000
1213 995 false - Capes - 6568 15 4315 15 4317 15 9748 15 9751 15 9754 15 9757 15 9760 15 9763 15 9766 15 9769 15 9772 15 9775 15 9778 15 9781 15 9784 15 9787 15 9790 15 9793 15 9796 15 9799 15 9802 15 9805 15 9808 15 9811 15 9949 15 12170 15 18509 15 19709 15
1214 995 false - Gloves & Amulets - 1725 100 1727 100 1731 100 3853 100 11105 100 2552 100 2550 100 2570 100 2572 100 21576 100 1712 100 7453 100 7454 100 7455 100 7456 100 7457 100 7458 100 7459 100 7460 100 7461 100 7462 100
1215 995 false - Quest items - 6746 1 2402 1
1216 995 false - Skilling stuff 1 - 1351 15 1359 15 1265 15 1275 15 15259 15 946 15 233 15 2347 15 1755 15 590 15 8794 15 952 15 2574 1000000 2576 1000000 2575 1000000
1217 995 false - Skilling stuff 2 - 307 20 303 20 305 20 309 20 311 20 301 20 11323 20 1733 100 5341 20 5343 20 952 20 5325 20 7409 20 227 500
1218 995 false - Herblore Secundaries 1 - 221 65000 1951 65000 1470 65000 1526 65000 948 65000 225 65000 235 65000 592 65000 1939 65000 223 65000 1550 65000 7650 65000 1581 65000 1975 65000 1939 65000 12630 65000 2152 65000 9736 65000 11807 65000 231 65000 12109 65000 5004 65000 1871 65000 2970 65000 11205 65000 10111 65000 9016 65000 11525 65000 241 65000 10937 65000
1219 995 false - Herblore Secundaries 2 - 239 65000 6049 65000 245 65000 3138 65000 247 65000 6051 65000 5075 65000 6018 65000 5972 65000
1 995 true - Edgeville General Store - 1931 30 1935 10 1735 10 1925 30 1923 10 1887 10 590 10 1755 10 2347 10 550 10 9003 10
2 995 false - Bob's Brilliant Axes - 1265 10 1351 10 1349 10 1353 10 1363 10 1365 10 1369 10 1359 10 
3 995 false - Lumbridge Fishing Supplies - 303 5 307 10 309 10 13431 10 313 1000 314 1000 317 0 327 0 345 0 321 0 335 0 349 0 331 0 13435 0
4 995 true - Lumbridge General Store - 1931 30 1935 10 1735 10 1925 30 1923 10 1887 10 590 10 1755 10 2347 10 550 10 9003 10
5 995 true - Beefy Bill's Supplies - 1931 30 1929 10 1937 10 2313 10 1887 10 590 10 1735 10 1951 10 1969 10 1949 10 9703 10 9704 10 9705 10 9706 30
6 995 false - Peksa's Helmet Shop - 1139 10 1137 10 1141 10 1143 10 1145 10 1147 10 1155 10 1153 10 1157 10 1165 10 1159 10 1161 10 1163 10
7 995 false - Oziach's Armour - 1127 10 1135 10
8 995 true - Varrock General Store - 1931 30 1935 10 1735 10 1925 30 1923 10 1887 10 590 10 1755 10 2347 10 550 10 9003 10
9 995 false - Dealga's Scimitar Emporium - 4587 10
10 995 false - Zaff's Superior Staves - 1379 10 1389 10 1381 10 1383 10 1385 10 1387 10
11 995 false - Aubury's Rune Shop - 21773 100 554 300 555 300 556 300 557 300 558 100 559 100 562 30 560 10
12 995 false - Scavvo's Rune Store - 1093 10 1079 10 1432 10 1113 10 1289 10 1303 10 1099 10 1065 10 1169 10
13 995 false - Varrock Sword Shop - 1277 10 1279 10 1281 10 1283 10 1285 10 1287 10 1291 10 1293 10 1295 10 1297 10 1299 10 1301 10 1205 10 1203 10 1207 10 1217 10 1209 10 1211 10
14 995 false - Lowe's Archery Emporium - 882 1000 884 100 886 100 888 100 890 30 877 300 841 10 839 10 843 10 845 10 849 10 847 10 853 10 851 10 855 10 857 10 837 10
15 995 false - Horvik's Armour Shop - 1103 10 1101 10 1139 10 1137 10 1173 10 1175 10 1075 10 1067 10 1087 10 1081 10 1117 10 1115 10 1119 10 1125 10 1121 10 
16 995 false - Dodgy Derek's Dirty Deals - 1523 2 6412 5 18644 100 590 10 954 10
17 995 true - Valaine's Shop of Champions - 1019 10 1165 10 1077 10 1123 10
18 995 false - Thessalia's Fine Clothes - 1005 10 1129 10 1059 10 1061 10 1757 10 1013 10 1015 10 1011 10 1007 10 950 10 426 10 428 10 1733 10 1734 1000
19 995 false - Urist's Crafting Supplies - 1755 10 1592 10 1597 10 1595 10 1733 10 1599 10 2976 10 5523 10 9434 10 11065 10
20 995 false - Draynor Seed Market - 5318 10 5319 10 5324 10 5322 0 5320 0 5323 0 5321 0 5096 10 5097 10 5305 10 5306 10 5307 10 5308 10 5309 10 5310 10 5311 10
21 995 false - Diango's Toy Store - 2520 10 2522 10 2524 10 2526 10 4613 10 12844 10 20179 10 20180 100 3006 150 20722 400 20716 10 20718 10 20725 10 20714 10
22 995 false - Hunter Expert's shop - 10006 1337 10008 1337
23 995 false - Bow and Arrow Store - 1065 100 1099 100 1135 100 2487 100 2493 100 2499 100 2489 100 2495 100 2501 100 9144 10000 9185 10000 9341 10000 882 10000 884 10000 886 10000 888 10000 890 10000 892 10000 1129 100 1061 100 1059 100 1095 100 1133 100 1097 100 10498 100
24 995 false - Fishing Store - 303 1000 305 1000 307 1000 309 1000 301 1000 311 1000 314 100000 313 100000 15263 100000
25 995 false - Armour Store - 1155 100 1117 100 1075 100 1089 100 1153 100 1115 100 1067 100 1191 100 1725 100 1157 100 1119 100 1069 100 1193 100 1159 100 1121 100 1071 100 1197 100 1540 100 1161 100 1123 100 1073 100 1199 100 1163 100 1127 100 1079 100 1201 100 3105 100 10828 100 3751 100 
26 995 false - Herblore Shop - 15364 100 221 100 15362 100 229 100 233 100 
27 995 false - Edible Store - 319 10000 315 10000 325 10000 347 10000 333 10000 351 10000 329 10000 361 10000 379 10000 373 10000 365 10000 7946 10000 2434 1000 2436 1000 2440 1000 2442 1000 2446 1000 2444 1000 3040 1000
28 995 false - Weapon Store - 1307 100 1309 100 1311 100 1315 100 1317 100 1319 100 1277 100 1279 100 1281 100 1283 100 1285 100 1287 100 1291 100 1293 100 1295 100 1297 100 1299 100 1301 100 1321 100 1323 100 1325 100 1327 100 1329 100 1331 100 1333 100 4587 100 1215 100 1305 100 1434 100 1377 100 1434 100 1249 100
29 995 false - Slayer Shop - 4155 100 4164 100 4166 100 4161 100 6696 100 4156 100 6664 100 7051 100 4551 100 8923 100 7159 100 10952 100 6720 100 4158 100 4160 1000 13280 100 13278 100 13279 100 4170 100 7421 100 4168 100 4162 100 13117 100 23035 100 53037 100
30 995 false - Drogo's mining Emporium - 2347 10 1265 10 436 0 438 0 440 0 453 0 2349 0 2351 0 2357 0
31 995 true - Dwarven Shopping Store - 1931 30 1935 10 1735 10 1925 30 590 10 1755 10 2347 10
32 995 false - Nurmof's Pickaxe Shop - 1265 10 1267 10 1269 10 1273 10 1271 10 1275 10
33 995 false - Crossbow Shop - 9440 10 9442 10 9444 10 9446 10 9448 10 9450 0 9452 0 9420 10 9423 10 9425 10 9427 10 9429 0 9431 0 9174 10 9177 10 9179 10 9181 10 9183 10 9185 0
34 995 false - Nulondion's Multicannon Parts - 6 10 8 10 10 10 12 10 5 10 4 10
35 995 false - Book shop - 3839 1 3841 1 3843 1 19612 1 19614 1 19616 1
36 995 true - The Lighthouse Store - 954 10 2347 10 1755 10 946 10 952 10 590 10 36 10 273 10 233 10 1931 30 1925 30 1929 10 1935 10 1937 300 229 10 15362 20 227 10 15363 20 2019 10 2021 10 2015 10 1915 10 2017 10 1909 10 1913 10 1907 10
37 995 false - Mage Arena Staves - 2415 10 2416 10 2417 10
38 995 false - Lundail's Arena-side Rune Shop - 554 1000 555 1000 556 1000 557 1000 558 1000 559 1000 561 300 562 300 563 100 564 100 560 300
39 995 false - Pikkupstix's Summoning Shop - 12204 10 12207 10 12210 0 12213 0 12216 0 12219 0 12222 0 12183 65000 12155 5000 15262 65000 12158 0 2859 1
40 995 false - Void Knight Magic Store - 554 1000 555 1000 556 1000 557 1000 558 1000 559 1000 562 300 560 100
41 995 false - Void Knight Archery Store - 825 300 826 300 827 100 828 100 829 250 830 10 39 100 40 100 41 100 42 30 43 30 44 10
42 995 false - Skulgrimen's Battle Gear - 1337 10 1335 10 1339 10 1341 10 1343 10 1345 10 1347 10 3749 10 3751 10 3753 10 3755 10
43 995 false - Fremennik Fur Trader - 948 10 958 10 10117 0 10121 0 10119 0 10123 0 10093 0 10095 0 10097 0 10099 0 10101 0 10103 0
44 995 true - Sigmund the Merchant - 590 10 954 10 233 10 1931 30 2142 10 2309 10 952 10 36 10 1755 10 2347 10 229 10 15362 6 227 10 15363 6 1925 30 1929 10 1944 10 1942 10 1965 10
45 995 false - Fremennik Fishmonger - 303 10 307 10 309 10 311 30 301 10 313 1000 314 1000 305 10 317 10 327 10 345 0 353 0 341 0 321 0 335 0 349 0 331 0 359 0 377 0 363 0 371 0 383 0
46 995 false - Ore Store - 436 10 438 10 440 0 442 0 453 0 444 0 447 0 449 0
47 995 false - Armour Shop - 1109 10 1143 10 1159 10 1181 10 1197 10 1071 10 1085 10 1121 10
48 995 false - Neitiznot Supplies - 946 10 2347 10 1734 1000 1733 10 4819 10 1351 10 1759 100
49 24444 false - Crucible Rewards - 24450 1 24451 1 24452 1 24453 1 24454 1 24455 1 24456 1 24457 1
50 995 false - Yrsa's Accoutrements - 3775 10 3773 10 3767 10 3769 10 3771 10 3793 10 3795 10 3797 10 3799 10 3791 10 3765 10 3763 10 3761 10 3759 10 3777 10 3779 10 3781 10 3783 10 3785 10 3787 10 3789 10
51 995 false - Nomad's Capes - 15432 1 15433 1
52 995 false - Irksol's Ruby Rings - 1641 10
53 995 false - Jukat's Dragon Sword Shop - 1305 10 1215 30
54 995 false - Elnock's Backup Supply - 11260 200 10010 100
55 995 true - Zanaris' General Store - 1931 30 1935 10 1735 10 1925 30 1923 10 1887 10 590 10 1755 10 2347 10 550 10 9003 10
56 995 false - Aleck's Hunter Emporium - 10010 10 10012 300 10025 300 10150 10 10006 30 10008 30 10029 10 596 10 10031 30 12539 0
57 995 false - Pet Shop - 12130 10 12125 1000 12127 10 12183 65000 15262 65000
58 995 false - Magic Guild Store : Mystic Robes - 4089 10 4091 10 4093 10 4095 10 4097 10 9762 100000 9763 10000 9764 10000
59 995 false - Magic Guild Store : Runes and Staves - 556 1000 555 1000 557 1000 554 1000 558 1000 559 1000 562 300 561 300 560 1000 563 100 565 100 566 100 1387 10 1383 10 1381 10 1385 10 1397 10 1395 10 1399 10 1393 10 1401 10 1403 10 1405 10 1407 10
60 995 false - Frenita's Cookery Shop - 2313 10 1955 0 1887 10 1923 10 1942 10 590 10 1935 10 1931 30 1973 10 1933 500 1980 10
61 995 false - Gem Trader - 1623 0 1621 0 1619 0 1617 0 1607 0 1605 0 1603 0 1601 0
62 995 false - Zeke's Superior Scimitars - 1321 10 1323 10 1325 10 1329 10 1331 10 1333 10
63 995 false - Louie's Armoured Legs Bazaar - 1075 10 1067 10 1069 10 1077 10 1071 10 1073 10
64 995 false - Ranael's Super Skirt Store - 1087 10 1081 10 1083 10 1085 10 1089 10 1091 10
65 995 false - Dommik's Crafting Store - 1755 10 1592 10 1597 10 1595 10 1733 10 1734 1000 1599 10 2976 10 5523 10 9434 10 11065 10
66 995 false - Moon Clan Fine Clothes - 9068 10 9069 10 9070 10 9071 10 9072 10 9073 10 9074 10 1733 10 1734 1000
67 995 false - Betty's Magic Emporium - 554 300 555 300 556 300 557 300 558 100 559 100 562 30 560 10 221 300 579 10 1017 10
68 995 true - Poletax's Herblore Shop - 229 10 15362 6 227 20 15363 40 233 10 221 10 15364 20 235 5 225 5 239 5
69 995 false - Jatix's Herblore Shop - 229 10 15362 6 233 10 221 10 15364 20
70 995 true - Moon Clan General Store - 1931 30 1935 10 1735 10 1925 30 1923 10 1887 10 590 10 1755 10 2347 10 9003 10 229 10 15362 20
71 995 false - Culinaromancer's Chest - 7453 10 7454 10 7455 10 7456 10 7457 10 7458 10 7459 10 7460 10 7461 10 7462 10 7433 10 7435 10 7437 10 7439 10 7441 10 7443 10 7445 10 7447 10 4702 5
72 995 false - Culinaromancer's Chest - 1973 240 1985 8 1982 8 1955 40 1987 5 2283 1 1944 8 1927 8 2130 8 6697 8 2007 8 2313 8 1887 8 1923 8 1935 8 1931 8 1980 8 1925 8
73 995 false - Quartermaster's Stores - 1931 30 1935 10 1735 10 590 10 2309 10 3190 10 3192 10 3194 10 3196 10 3198 10 3200 10 3202 10 3204 10
74 995 true - Lletya General Store - 1931 30 1935 10 1735 10 1925 30 590 10 1755 10 2347 10 952 10 946 10
75 995 false - Lletya Seamstress - 1734 1000 1733 10 1759 100 1763 10 1765 10 1767 10 1769 10 1771 10 1773 10
76 995 false - Lletya Archery Shop - 884 1000 886 300 888 100 890 100 892 30 877 1000 843 10 845 10 837 10 849 10 847 10
77 6529 false - TzHaar-Hur-Tel's Equipment Store - 6522 10 6523 10 6524 10 6525 10 6526 10 6527 10 6528 10 6568 10 51298 10 51301 10 51304 10 23643 10
78 6529 false - TzHaar-Hur-Lek's Ore and Gem Store - 438 5 436 5 440 2 1623 1 1621 1 6571 1 9194 50
79 6529 false - TzHaar-Mej-Roh's Rune Store - 554 1000 555 1000 557 1000 556 1000 558 1000 559 1000 562 300 560 100
80 995 false - Elemental Workshop - 2890 1 9729 1 18699 1 20448 1 20458 1 9731 1 9733 1 18697 1 20450 1 20460 1 18691 1 18693 1 18695 1 20452 1 20462 1 20436 1 20440 1 20444 1 20454 1 20464 1 20438 1 20442 1 20446 1 20456 1 20466 1
81 995 true - General Store - 1733 10 1734 1000 1931 30 1925 30 1935 10 590 10 1755 10 2347 10 3377 10 946 10 21576 10 4251 10
82 995 false - Barker's Haberdashery - 2894 10 2896 10 2898 10 2900 10 2902 10 2904 10 2906 10 2908 10 2910 10 2912 10 2914 10 2916 10 2918 10 2920 10 2922 10 2924 10 2926 10 2928 10 2930 10 2932 10 2934 10 2936 10 2938 10 2940 10 2942 10 1007 10 1019 10 1021 10 1023 10 1027 10
83 995 false - Rufus's Meat Emporium - 2132 100 2138 30 2134 10 2136 10 335 0 331 0 383 0
84 995 false - Gerrant's Fishy Business - 303 10 307 10 309 10 311 1000 301 10 13431 10 313 1000 314 1000 317 0 327 10 345 0 321 0 335 0 349 0 331 0 359 0 377 0
85 995 false - Grum's Gold Exchange - 1635 0 1637 0 1639 0 1641 0 1643 0 1654 0 1656 0 1658 0 1660 0 1662 0 1692 0 1694 0 1696 0 1698 0 1700 0 11069 0 11076 0 11085 0 11072 0 11092 0
86 995 false - Brian's Battleaxe Bazaar - 1375 10 1363 10 1365 10 1367 10 1369 10 1371 10 1373 10
87 995 false - Wydin's Food Store - 1933 500 2132 10 2138 10 1965 10 1963 0 1951 0 2309 10 1973 10 1985 10 1982 10 1942 10 1550 10
88 995 false - Trader Stan's Trading Post - 1931 30 1935 10 1735 10 1925 30 1923 10 1887 10 590 10 1755 10 2347 10 550 10 9003 10 954 10 946 10 2114 0 1963 10 2108 0 1785 10 1783 100 401 100 1781 100 301 10 307 10 1941 10 9629 10 3226 10 1025 10 6014 0
89 995 false - Dodgy Mike's Second-hand Clothing - 7110 10 7112 10 7114 10 7116 10 7122 10 7124 10 7126 10 7128 10 7130 10 7132 10 7134 10 7136 10 7138 10
90 995 false - 'Two Feet Charley's Fish Shop - 317 6 327 10 345 10 341 10 321 10 359 0 377 0 363 0 371 0
91 995 false - Smithing Smith's Shop - 1321 10 1323 10 1325 10 1329 10 2347 10
92 995 false - Shantay Pass Shop - 1823 30 1831 30 1937 10 1921 10 1929 10 946 10 1833 10 1835 10 1837 10 2349 0 314 1000 2347 10 1925 30 1923 10 1935 10 954 100
93 995 false - Keldagrim's Best Bread - 2309 10 1891 10 1901 10
94 995 false - Green Gemstone Gems - 1607 0 1605 0 1603 0 1601 0
95 995 false - Carefree Crafting Stall - 1755 10 1592 10 1597 10 1733 10 1734 1000 1759 100
96 995 false - Crossbow Shop - 9440 10 9442 10 9444 10 9446 10 9448 10 9450 10 9452 0 9420 10 9423 10 9425 10 9427 10 9429 10 9431 0 9174 0 9177 0 9179 0 9181 0 9183 0 9185 0
97 995 false - Silver Cog Silver Stall - 1714 10 442 0 2355 0
98 995 false - Vermundi's Clothes Stall - 5048 10 5036 10 5042 10 5024 10 5030 10 950 10
99 995 false - Pickaxe-Is-Mine - 1265 10 1269 10 1273 10 1271 10 1275 10
100 995 false - Quality Weapons Shop - 1365 10 1369 10 1285 10 1287 10 1325 10 1297 10 1303 10 853 10 851 10 888 100 890 100
101 995 false - Quality Armour Shop - 1105 10 1109 10 1107 10 1111 10 1141 10 1143 10 1145 10 1177 10 1195 10
102 995 false - Keldagrim Stonemason - 3420 500 8786 30 8784 30 8788 30
103 995 false - Agmundi Quality Clothes - 5050 10 5052 10 5038 10 5040 10 5044 10 5046 10 5026 10 5028 10 5032 10 5034 10
104 995 false - Vigr's Warhammers - 1337 10 1335 10 1339 10 1341 10 1343 10 1345 10 1347 10
105 995 false - Gunslik's Assorted Items - 1935 10 1925 30 590 10 1755 10 2347 10 36 10 596 10 973 10 1059 10 229 300 233 10 954 10
106 995 true - Bandit Bargains - 1831 30 1823 30 1937 10 1921 10 1929 10 1837 10 1935 10 1923 10 1925 10 1837 10 1833 10 1835 10 946 10
107 995 false - Candle Shop - 36 10 38 10
108 995 true - Arhein's Store - 1925 30 1265 10 1923 10 1887 10 590 10 1755 10 2347 10 954 10 1931 30 946 10
109 995 false - Hickton's Archery Emporium - 877 300 882 1000 884 100 886 0 888 0 890 0 892 0 4773 0 4778 0 4783 0 4788 0 4793 0 4798 0 4803 0 39 100 40 100 41 100 42 100 43 30 44 10 841 10 839 10 837 10 843 10 845 10 4827 10 1133 10 1097 10
110 995 false - Harry's Fishing Shop - 303 10 307 10 311 1000 301 10 313 1000 305 10 317 0 327 0 345 0 353 0 341 0 321 0 359 0 377 0 363 0 371 0 383 0
111 995 false - Vanessa's Farming Shop - 5341 10 5343 10 5329 10 952 10 5325 10 5331 30 5354 100 6032 300 1925 100 5418 10 15367 1 5376 10 15366 1 1942 0 1957 0 1965 0 1982 0 5986 0 5504 0 5982 0 5994 0 5996 0 5998 0 6000 0 6002 0 5931 0 6006 0 6036 10 12622 10
112 995 false - Battle Runes - 554 1000 555 1000 556 1000 557 1000 558 1000 562 300 560 100 565 100 566 100 9075 100
113 995 true - Legends' Guild General Store - 373 10 2323 10 121 10 886 10
114 995 false - Legends' Guild Shop of Useful Items - 299 500 1590 10 1542 10 2368 10 1052 10
115 995 false - Happy Heroes' H'Emporium - 1377 10 1434 10
116 995 false - White Knight's Armour - 5574 10 5575 10 5576 10 9672 10 9674 10 9676 10 9678 10
117 995 false - Lunar Equipment - 9096 10 9097 10 9098 10 9099 10 9100 10 9101 10 9102 10 9104 10 9084 10
118 995 true - Polypore Dungeon Supplies - 1935 3 233 2 946 2 1733 2 1734 50 590 2 1511 1 229 20 22452 40 22454 40 22456 40
119 995 false - Warriors' Guild Armoury - 1363 10 1365 10 1369 10 1277 10 1279 10 1281 10 1283 10 1285 10 1287 10 1291 10 1293 10 1295 10 1297 10 1299 10 1301 10 1205 10 1203 10 1207 10 1217 10 1209 10 1211 10 1422 10 1420 10 1424 10 1428 10 1430 10 1307 10 1309 10 1311 10 1313 10 1315 10 1317 10 1103 10 1101 10 1105 10 1139 10 1137 10 1141 10
120 995 false - Warriors' Guild Food Shop - 333 10 365 10 2289 10 6705 10 2003 10
121 995 false - Warriors' Guild Potion Shop - 115 10 121 10 133 10
122 995 false - Void Knight General Store - 1931 30 1935 10 1735 10 1925 30 1923 10 1887 10 590 10 1755 10 2347 10 1351 10 7934 50
123 995 false - Faruq's Tools for Games - 15046 12 15078 25 15080 25 15082 25 15075 65 15056 3 15059 14 15061 18 15065 20 15078 20 15067 45 15069 6 15073 36 15077 1 15484 20
124 995 false - Bolkoy's Village Shop - 1931 30 1265 10 1935 10 1735 10 1925 30 590 10 1755 10 2347 10 882 1000 2142 10
125 995 true - Obli's General Store - 590 10 229 10 233 10 1931 30 1351 10 1265 10 1349 10 1129 10 1059 10 1061 10 2142 10 2309 10 952 10 36 10 596 10 1755 10 2347 10 970 10 973 10 227 10 975 10 954 10
126 995 false - Fernahei's Fishing Hut - 307 10 309 10 313 1000 314 1000 335 10 349 10 331 10
127 995 false - Naff's Knockoff Staves - 1392 80
128 995 false - Construction Supplies - 8794 10 8790 300 1539 900
129 995 false - Keldegrim Stonemason - 3420 500 8786 30 8782 30 8788 30
130 995 false - Garden Centre - 8417 10 8419 10 8421 10 8423 10 8425 10 15237 10 8427 10 15239 10 8429 10 8431 1000 8433 10 8435 10 8437 10 8439 10 8441 10 8441 10 8443 10 8445 10 8449 10 8451 10 8453 10 8455 10 8457 10 8459 10 8461 10
133 995 false - Davon's Amulet store - 1718 0 1727 0 1729 0 1725 0 1731 0
134 995 false - Brian's Archery Supplies - 886 100 888 30 890 0 843 10 849 10 853 10
135 995 false - Dargaud's Bows and Arrows - 52 1000 39 300 40 300 41 100 42 100 43 100 44 30 882 1000 884 300 886 300 888 100 890 100 892 100 877 300 9140 300 9141 100 9142 100 9143 100 9144 30 4773 0 4778 0 4783 0 4788 0 4793 0 4798 0 4803 0 841 10 843 10 849 10 4827 10
136 995 false - Aaron's Archery Appendages - 1129 10 1131 10 1133 10 1095 10 1097 10 1169 10 1167 10 1063 10 9756 100000 9758 10000 9757 10000
137 995 false - Wayne's Chains Chainmail Specialist - 1103 10 1101 10 1105 10 1107 10 1109 10 1111 10
138 995 false - Fancy Clothes Store - 1949 10 579 10 1023 10 958 10 948 10 1733 10 1734 1000 1059 10 1061 10 428 10 426 10 1757 10 1013 10 1015 10 1011 10 1007 10 1025 10 10088 0 10090 0 10091 0 10089 0 10087 0 11525 0
139 995 false - Rometti's Fine Fashions - 656 30 658 30 660 30 662 30 664 30 636 30 638 30 640 30 642 30 644 30 646 30 648 30 650 30 652 30 654 30 626 30 628 30 630 30 632 30 634 30
140 995 false - Miscellanian Clothes SHop - 3775 10 3767 10 3769 10 3773 10 3771 10 3793 10 5050 10 5052 10 5036 10 5040 10 5038 10 5044 10 5046 10 5026 10 5028 10 5032 10 5034 10
141 995 false - Pie Shop - 7162 10 2325 0 2327 0 7170 0 2323 0 7178 0 7188 0 7198 0 7208 0 7218 0 1933 100 2313 100
142 995 false - Grand Tree Groceries - 2171 10 2128 10 1933 10 2169 10 1957 10 1942 10 1965 10 1982 10 1985 10 2120 10 2108 10 2102 10 2114 10 2126 10 2025 10 1973 10 1975 10 2130 10 1927 10 946 10 2167 10 2164 10 2165 10 2166 10
143 995 false - Funch's Fine Groceries - 2021 10 2019 10 2015 10 2017 10 2114 10 2128 10 2108 10 2108 10 2102 10 2114 10 2126 10 2025 10 1973 10 1975 10 2130 10 1927 10 946 10 2026 10
144 995 false - Rommik's Crafty Supplies - 1755 10 1592 10 1597 10 1595 10 1733 10 1734 1000 1599 10 2976 10 5523 10 9434 10 11065 10
145 995 false - Jamila's Craft Stall - 1755 10 1592 10 1597 10 1595 10 1733 10 1734 1000 1599 10 2976 10 5523 10 11065 10
146 995 false - Hamab's Crafting Emporium - 1755 10 1592 10 1597 10 4020 10 1733 10 1734 1000 1759 100 11065 10
147 995 false - Alice's Farming Shop - 5376 10 15366 1 6032 300 5418 10 15367 1 6036 10 5350 100 5341 10 5329 10 5343 10 952 10 5325 10 1925 100 5331 30 12623 10 5996 0 6006 0 1965 0 5994 0 5931 0 6000 0 1957 0 1942 0 5504 0 5986 0 1982 0 5982 0 6002 0 5998 0
148 995 false - Head Farmer Jones's Farming Shop - 5318 10 1942 1 5319 10 5324 10 5322 10 5320 10 5323 10 5331 30 6032 300 5350 100 5343 10 5325 10 952 10 5329 10 5341 10 5345 10 5376 10 5418 10 5376 10 6036 10 12608 10 12622 10 1735 10
149 995 false - Richard's Farming Shop - 5376 10 15366 1 6032 300 5418 10 15367 1 6036 10 5350 100 5341 10 5329 10 5343 10 952 10 5325 10 1925 100 5331 30 12623 10 5996 0 6006 0 1965 0 5994 0 5931 0 6000 0 1957 0 1942 0 5504 0 5986 0 1982 0 5982 0 6002 0 5998 0
150 995 false - Sarah's Farming Shop - 5376 10 15366 1 6032 300 5418 10 15367 1 6036 10 5350 100 5341 10 5329 10 5343 10 952 10 5325 10 1925 100 5331 30 12623 10 5996 0 6006 0 1965 0 5994 0 5931 0 6000 0 1957 0 1942 0 5504 0 5986 0 1982 0 5982 0 6002 0 5998 0
151 995 false - Lumbridge Fishing Supplies - 303 5 13431 5 307 10 309 10 313 1000 314 1000 317 0 327 0 345 0 321 0 335 0 349 0 331 0 13435 0
152 995 false - Nicholas Angle's Fishing Shop - 313 10 13431 10 303 40 307 10
153 995 false - Fishing Guild Shop - 313 1000 314 1000 341 0 353 0 363 0 359 0 377 0 371 0 339 0 355 0 365 0 361 0 379 0 373 0
154 995 false - Lovecraft's Tackle - 303 10 307 10 309 10 311 1000 301 10 13431 10 313 1000 314 1000 317 0 325 0 353 0 321 0 335 0 349 0 331 0 359 0 377 0 371 0
155 995 false - Island Fishmonger - 303 10 307 10 310 10 311 30 301 10 13431 10 313 1000 314 1000 317 0 325 0 353 0 321 0 335 0 349 0 331 0 359 0 377 0 371 0 363 0 383 0
156 995 false - Etceteria Fish - 303 10 307 10 310 10 311 30 301 10 13431 10 313 1000 314 1000 317 0 325 0 353 0 321 0 335 0 349 0 331 0 359 0 377 0 371 0 363 0 383 0
157 995 true - Arnold's Eclectic Supplies - 303 10 311 10 2309 10 1931 30 1927 10 1733 10 1734 1000 1917 10 1785 10 946 10
158 995 false - Bakery Stall - 2309 10 1891 10 1901 10 1973 100
159 995 false - Fresh Meat - 2134 10 2132 300 2136 10 2142 10 2138 10 2140 10 3226 100 7224 0 7223 0 3228 10 2876 0 7230 0 2878 0 7566 0 2337 0 9978 10 15365 6 9984 0 9980 0 9986 0 9992 0 9988 0
160 995 false - Gianne's Restaurant - 2223 10 2225 10 2221 10 2219 10 2227 10 2233 10 2231 10 2235 10 2229 10 2241 10 2243 10 2239 10 2237 10
161 995 false - Keepa Kettilon's Store - 361 0 329 10 339 10 379 0 373 0 385 0
162 995 false - Miscellanian Food Shop - 2309 10 1985 10 1965 10 1942 10 1957 10 1933 10 1973 10 1927 10
163 995 false - Nathifa's Bake Stall - 2309 10 1891 10 1901 10 1823 30
164 995 false - The Shrimp and Parrot - 347 10 339 10 361 10 379 10 373 10 3144 10
165 995 false - Solihib's Food Stall - 4012 100 1963 10 4016 10 4014 100
166 995 false - Tony's Pizza Bases - 2283 10
167 995 false - Herquin's Gems - 1623 0 1621 0 1619 0 1617 0 1607 0 1605 0 1603 0 1601 0
168 995 false - Ardougne Gem Stall - 1607 0 1605 0 1603 0 1601 0 25448 0 25449 0 25450 0 25451 0 25452 0 25473 0 9040 0 9028 0 9034 0
169 995 false - Frincos's Fabulous Herb Store - 229 10 15362 6 233 10 221 10 15364 20
170 995 false - Grud's Herblore Stall - 229 10 15362 6 233 10 221 10 15364 20
171 995 false - Nardah Hunter Shop - 10010 10 10012 300 10025 300 10150 10 10006 30 10008 30 10029 10 596 10 10031 30 12539 0
172 995 false - Ayleth Beaststalker's Hunting Supplies Shop - 10006 30 10010 10 10012 300 10150 10 10008 10
173 995 false - Kjut's Kebabs - 1971 100000
174 995 false - Flynn's Mace Market - 1422 10 1420 10 1424 10 1428 10 1430 10
175 995 false - Carwen Essencebinder Magical Runes Shop - 1438 1 1448 1 556 30 555 30 557 300 554 300 558 300 559 100 562 100 561 30 560 10
176 995 false - Baba Yaga's Magic Shop - 21773 100 556 1000 555 1000 557 1000 554 1000 558 1000 559 1000 562 1000 561 100 560 100 565 100 566 100 9075 100 1391 20 1387 10 1383 10 1381 10 1385 10 9078 1
177 995 false - Tutab's Magical Market - 554 1000 555 1000 556 1000 557 1000 563 100 4008 10 4006 10 4023 10
178 995 false - Zenesha's Platebody Shop - 1117 10 1115 10 1119 10 1125 10 1121 10
179 995 false - Seddu's Adventurers' Store - 1093 10 1079 10 1113 10 1099 10 1065 10 1193 10 1151 10
180 995 false - Daga's Scimitar Smithy - 1321 10 1323 10 1325 10 1329 10 4587 10
181 995 false - Cassie's Shield Shop - 1171 10 1173 10 1189 10 1175 10 1191 10 1177 10 1193 10 1181 10 1199 10 1201 10
182 995 false - Ardougne Silver Stall - 1714 10 442 0 2355 0
183 995 false - Silver Cog Silver Stall - 1714 10 442 0 2355 0
184 995 false - The Spice is Right - 1931 30 2169 10 5970 0 175 10
185 995 false - Summoning Supplies - 12204 10 12207 10 12210 0 12213 0 12216 0 12219 0 12222 0 12183 65000 12155 650000000 15262 65000 12158 0 2859 0
186 995 false - Blades by Urbi - 1205 10 1203 10 1207 10 1217 0 1209 10 1211 10 1213 10 1215 0 1321 10 1323 10 1325 10
187 995 false - Gaius's Two-Handed Shop - 1307 10 1309 10 1311 10 1313 10 1315 10 1317 10 1319 10
188 995 false - Gulluck and Sons - 882 1000 877 300 880 0 841 10 839 10 837 10 39 100 40 100 41 100 42 100 15298 10 1353 10 1363 10 1365 10 1369 10 1307 10 1309 10 1311 10 1313 10 1315 10 1317 10
189 995 false - Authentic Throwing Weapons - 825 100 826 100 827 30 828 30 829 10 830 10 800 100 801 100 802 30 803 30 804 10 805 10
190 995 false - Nardok's Bone Weapons - 5018 10 5016 10 8872 10 8880 10 8882 300
191 995 false - Tamayu's Spear Stall - 3170 10 3171 10 3172 10 3173 10 3174 10 3175 10 3188 10
192 995 false - Weapons Galore - 1315 10 1343 10 1369 10 3099 10 1299 10
193 995 false - Vegetable stall - 1965 10 1942 10 1957 10 1982 10 1550 10
194 995 true - Al Kharid General Store - 1931 30 1935 10 1735 10 1925 30 1923 10 1887 10 590 10 1755 10 2347 10 550 10 9003 10
195 995 true - Ifaba's General Store - 1931 30 1935 10 1735 10 1925 30 1923 10 1887 10 590 10 1755 10 2347 10 550 10
196 995 true - Aemad's Adventuring Supplies - 227 10 15363 6 1265 10 15298 10 2142 10 590 10 1759 100 882 1000 954 10 970 10 946 10 1935 10
197 995 true - West Ardougne General Store - 227 10 15363 6 1265 10 15298 10 2142 10 590 10 1759 100 882 1000 954 10 970 10 946 10 1935 10
198 995 true - Bandit Duty Free - 1733 50 1925 50 1931 50 952 50 1887 50 1755 50 2347 50 13278 3000 15363 6 4692 5 8786 5
199 995 true - Aurel's Supplies - 1351 10 590 10 3363 10 353 10 952 10
200 995 true - Dorgesh-Kaan General Supplies - 596 10 590 10 1931 10 1935 10 1923 10 1887 10 954 10 1785 10
201 995 true - Falador General Store - 1931 30 1935 10 1735 10 1925 30 1923 10 1887 10 590 10 1755 10 2347 10 550 10 9003 10
202 995 true - Karamja General Store - 1931 30 1935 10 1735 10 1925 30 1923 10 1887 10 590 10 1755 10 2347 10 550 10 9003 10
203 995 true - The Lighthouse Store - 1931 30 1935 10 1735 10 1925 30 1923 10 1887 10 590 10 1755 10 2347 10 550 10 9003 10 2019 10 2021 10 2015 10 1915 10 2017 10 1909 10 1913 10 1907 10
204 995 true - Trader Sven's Black Market Goods - 9640 10 9642 10 9644 10 9634 10 9636 10 9638 10
205 995 true - Razmire General Store - 1931 30 1935 10 1735 10 1925 30 1923 10 1887 10 590 10 1755 10 2347 10 550 10 9003 10 3678 10 1933 10 3422 500 227 300
206 995 true - Nardah General Store - 1931 30 1935 10 1735 10 1925 30 1923 10 1887 10 590 10 1755 10 2347 10 550 10 9003 10
207 995 true - Pollnivneach General Store - 1931 30 1935 10 1825 10 1833 10 1837 10 1925 10 4593 10 4591 10 1985 10 2120 10 1982 10 1937 10 1921 10 1929 10
208 995 false - White Knight Master Armoury - 6615 10 6625 10 6627 10 6621 10 6623 10 6631 10 6633 10 6617 10 6619 10 6629 10 6591 10 6605 10 6601 10 6603 10 6607 10 6613 10 6589 10 6611 10 6587 10 6609 10 6599 10
209 995 false - Fur Trader - 6814 0
210 995 false - Ardougne Spice Stall - 2007 10 946 10 1550 10
211 995 false - Alfred Stonemason's Construction Shop - 2347 10 8794 10
212 995 false - Alison Elmshaper's Flying Arrow Fletching Shop - 314 100 39 30 1777 15 946 10
213 995 false - Will Oakfeller's Woodcutting Supplies Shop - 1351 10 1349 10 1353 10
214 995 false - Marcus Everburn's Firemaking Shop - 596 10 590 10
215 995 false - Martin Steelweaver's Smithing Supplies Shop - 2347 10
216 995 false - Tobias Bronzearms's Mining Supplies Shop - 1265 10
217 995 false - Jack Oval's crafting Shop - 1734 10 1925 10 1931 10 1755 14 1733 10 1735 10 1592 1 1595 1 1597 1 11065 1 1599 1 5523 1 2976 10 9434 10
218 995 true - Khazard General Store - 1265 10 1931 30 1935 10 1735 10 1925 30 590 10 1755 10 2347 10 954 10 1933 500 583 30 1941 1000 946 10
219 995 true - Port Phasmatys General Store - 1931 30 1935 10 1735 10 1925 30 590 10 1755 10 2347 10
220 995 true - Rimmington General Store - 1931 30 1935 10 1735 10 1925 30 590 10 1755 10 2347 10 1923 10 1887 10 550 10 9003 10
221 995 true - Jiminua's Jungle Store - 590 10 36 10 596 10 1931 30 954 10 1129 10 1059 10 1059 10 2142 10 2309 10 229 300 227 300 233 10 175 10 970 10 973 10 946 10 2347 10 975 10 1755 10 952 10 1351 10 1265 10 1349 10
222 995 false - The Duke's Shield Store - 1540 1
223 995 false - Observatory Store - 2574 1 2575 1 2576 1
224 995 false - Ava's Odds and Ends - 314 1000 884 1000 886 1000 40 1000 41 1000
225 995 false - Ava's Store - 10498 1 10499 1 20068 1
226 995 false - Matrix's Inn - 1917 10 5751 10 4627 10 3803 10 3801 10 5755 10 5763 10 1911 10 1913 10 1909 10 1915 10 2955 10 5759 10 1907 10 15119 10
227 995 false - Ignatius's Hot Deals - 590 60000 596 10 15298 10
228 995 false - Eblis' Shop - 4675 1
229 995 false - Martin Thwait's Lost and Found - 945 10 1523 10 1755 10 946 10 5560 10 864 10 863 10 865 10 3095 100 3096 10 3097 10
230 995 false - Leon's Shop - 10156 10 10158 500 10159 100
231 995 false - Mizgog's Shop - 1478 10
232 995 false - Team Capes - 4315 10 4335 10 4355 10 4375 10 4395 10
233 995 false - Team Capes - 4317 10 4337 10 4357 10 4377 10 4397 10
234 995 false - Team Capes - 4319 10 4339 10 4359 10 4379 10 4399 10
235 995 false - Team Capes - 4321 10 4341 10 4361 10 4381 10 4401 10
236 995 false - Team Capes - 4323 10 4343 10 4363 10 4383 10 4403 10
237 995 false - Team Capes - 4325 10 4345 10 4365 10 4385 10 4405 10
238 995 false - Team Capes - 4327 10 4347 10 4367 10 4387 10 4407 10
239 995 false - Team Capes - 4329 10 4349 10 4369 10 4389 10 4409 10
240 995 false - Team Capes - 4331 10 4351 10 4371 10 4391 10 4411 10
241 995 false - Team Capes - 4333 10 4353 10 4373 10 4393 10 4413 10
242 995 false - Ali's Discount Wares - 1931 10 1935 10 1825 10 1833 10 1837 10 1925 10 4593 10 4591 10 970 10 946 10 590 10 1265 10 2138 10
243 995 false - The Light Shop - 2402 1 6746 1
244 995 false - Crystal Teleports - 6099 10
245 995 false - Crystal Store - 4214 1 4225 1 43092 1
246 995 false - Secateurs Store - 5329 1 7409 1
247 13157 false - Blisterwood Store - 21580 1 21581 100 21582 1
248 995 false - Filamina's Wares - 1379 5 1389 5 1381 2 1383 2 1385 2 1387 2
249 995 true - Regath's Wares - 227 30 954 10 554 500 555 500 556 500 557 500 558 300 559 300 565 50 566 50 579 1 221 300
250 995 false - Thyria's Wares - 554 5000 555 5000 556 5000 557 5000 558 5000 559 5000 562 250 560 150
251 995 false - The Haymaker's Arms - 1917 10 5763 10 1993 5 1978 5
252 995 true - Little Shop of Horace - 227 60 1931 30 1935 5 1925 5 1923 5 975 1 1735 2 954 30 590 2 952 5 1759 30 1755 2 2347 5 1733 2 1734 40
253 995 false - Logava Gricoller's Cooking Supplies - 2313 5 1887 2 1923 2 590 3 1935 3 1931 12 1980 3 946 3 1759 30 1942 5 1955 2 2309 2 1973 1 1985 3 1933 8
254 995 false - Vannah's Farm Store - 5341 5 5343 5 5329 5 952 5 5325 5 5331 5 5354 100 6032 100 1925 100 5418 100 5376 100 6036 40
255 995 false - Perry's Chop-chop Shop - 1351 4 1349 3 1353 2 1355 1 1357 1 1359 1 590 2
256 995 false - The Deeper Lode - 1917 1 1913 1 1911 3 1971 2 6123 0
257 995 true - Little Munty's Little Shop - 1265 20 1931 50000 1935 5 1925 5 1923 5 590 2 1759 30 1755 2 2347 5
258 995 false - Toothy's Pickaxes - 1265 5 1267 3 1269 3 12732 1271 1 1275 1 1931 50000
259 995 false - Thirus Urkar's Fine Dynamite Store - 43572 1000
260 995 false - Bridget's Weapons - 1363 5 1365 2 1369 1 1373 1 1277 4 1281 4 1283 3 1285 3 1287 2 1289 1 1291 4 1293 3 1295 3 1297 2 1299 2 1301 1 1303 1 1205 6 1207 5 1217 4 1209 3 1211 2 1213 1 1422 5 1420 4 1424 4 1428 3 1430 2 1432 1 1307 4 1309 3 1311 2 1313 1 1315 1 1317 1 1319 1 1321 5 1323 4 1325 4 1327 3 1329 3 1333 3
261 995 false - Bridget's Armour - 1103 5 1101 3 1105 3 1075 3 1067 2 1069 2 1087 3 1081 2 1083 2 1139 5 1137 3 1141 3
262 995 true - Jennifer's General Field Supplies - 1931 5 1935 2 1735 2 1925 3 1923 2 1887 2 590 2 1755 2 1351 10 7934 25
263 995 false - Frankie's Fishing Emporium - 317 50 327 50 345 25 353 25 341 0 321 0 359 0 377 0 363 0 383 0
264 995 false - Kenelme's Wares - 1933 3 2132 1 1965 3 1963 3 1951 1 2309 0 1973 1 1985 3 1982 3 1942 1
265 995 true - Leenz's General Supplies - 1931 50000 1935 5 1925 5 1923 5 590 2 2347 5 4819 500 4820 500
266 995 false - Tynan's Fishing Supplies - 1925 1000 303 5 305 5 307 5 311 2 301 2 313 1200 43431 500
267 995 false - Tiadeche's Karambwan Stall - 3142 10 3150 50 3159 2
268 995 false - Mythical Cape Store - 52114 50
269 995 false - Myths' Guild Armoury - 1187 1
270 995 false - Myths' Guild Herbalist - 229 50 221 50
271 995 false - Myths' Guild Weaponry - 1215 2 1305 2 1434 2 1377 2
272 995 false - Dark mage's Staves - 1409 1 1379 10 1389 10 1381 10 1383 10 1385 10 1387 10
273 995 false - PartyHat's - 1038 0 1040 0 1042 0 1044 0 1046 0 1048 0 299 10 15098 10
274 995 false - Dwarf Cake's - 7509 10
275 995 false - Mysterious Stranger's Shop - 52517 10
276 995 false - Mount Karuulm Weapon Shop - 1241 2 1243 1 1245 1 1249 1 1365 2 1369 1 1371 1 1373 1 1339 1 1343 1 1345 1
277 52820 false - Alry the Angler's Angling Accessories - 52838 1000 52840 1000 24427 1000 24428 1000 24429 1000 24430 1000
278 995 false - Mizgog's Shop - 1478 10
279 4149 false - Slayer Rewards Shop - 6 100 8 100 10 100 12 100 2 100000 989 100 25763 100 15488 10 15490 10 18337 10 10551 10 11716 1 6914 5 6889 5 6918 5 6916 5 6924 5 6922 5 6920 5 2577 1 25500 1
280 995 false - Amelia's Seed Shop - 5318 20 5319 10 5324 5 5322 0 5320 0 5323 0 5321 0 5305 20 5306 5 5097 20 5096 20 5307 20 5308 10 5309 5 5310 0 5311 0
281 995 false - Allanna's Farming Shop - 5341 5 5343 5 5329 5 952 5 5325 3 5331 30 5350 100 5354 100 6032 100 1925 100 5418 100 5376 100 6036 40
282 995 false - Ak-Haranu's Exotic Shop - 4740 500
283 995 false - ~ Uglug's stuffsies ~ - 10927 100 2862 100 1777 100 2876 100 2878 100 946 100 4827 100
500 30000 false - PKP Shop 1 - 13887 10000 13893 10000 13899 10000 13905 10000 13911 10000 13917 10000 13923 10000 13929 10000 13884 10000 13890 10000 13896 10000 13902 10000 13908 10000 13914 10000 13920 10000 13926 10000 13870 10000 13873 10000 13876 10000 13882 10000 13883 10000 13944 10000 13947 10000 13950 10000 13956 10000 13957 10000 13858 10000 13861 10000 13864 10000 13867 10000 13932 10000 13935 10000 13938 10000 13941 10000
501 30000 false - PKP Shop 2 - 15441 10000 15442 10000 15444 10000 15701 10000 15702 10000 15703 10000 15704 10000 22207 10000 22209 10000 22211 10000 22213 10000 15241 10000 15243 10000 10551 10000 10547 10000 10548 10000 10549 10000 6731 10000 6733 10000 6735 10000 6737 10000 10887 10000 21768 10000 11061 10000 8839 10000 8840 10000 8842 10000 11663 10000 11664 10000 11665 10000